0 1 2 3 4
99 98 7 7 0
11 71 7 5 0
61 54 0 2 0
52 35 0 9 0
55 46 0 1 0
86 51 3 3 0
94 93 5 6 0
27 25 0 7 0
27 32 7 7 0
97 19 2 0 0
74 65 5 8 0
3 88 6 8 0
46 61 8 0 0
66 61 4 9 0
62 92 9 8 0
4 43 4 3 0
89 43 2 0 0
40 66 3 6 0
41 5 8 5 0
38 7 5 5 0
30 31 2 3 0
67 59 5 5 0
97 57 5 6 0
64 51 2 4 0
15 89 7 7 0
17 66 5 7 0
81 82 0 0 0
8 58 2 2 0
20 41 2 9 0
99 31 7 0 0
91 37 8 3 0
7 32 5 5 0
65 96 1 7 0
75 78 6 3 0
60 39 2 1 0
66 52 9 0 0
94 57 4 1 0
62 59 2 2 0
68 38 7 8 0
43 54 1 8 0
62 46 9 2 0
59 88 8 9 0
74 76 5 4 0
66 30 4 9 0
12 64 5 3 0
94 61 3 9 0
54 42 3 5 0
17 8 1 2 0
80 41 5 2 0
22 45 4 4 0
95 88 0 3 0
36 48 9 9 0
36 85 2 7 0
4 25 6 5 0
77 74 6 8 0
32 70 4 0 0
54 76 8 4 0
60 26 2 6 0
10 30 6 7 0
14 10 1 6 0
69 73 5 4 0
91 67 2 5 0
16 58 5 7 0
28 62 3 8 0
35 34 3 1 0
9 26 8 0 0
28 35 8 6 0
6 66 3 2 0
0 72 0 7 0
90 84 0 0 0
93 20 0 8 0
82 30 1 8 0
57 97 4 4 0
47 88 1 2 0
73 1 7 5 0
31 33 3 7 0
26 96 7 9 0
83 16 8 3 0
19 51 6 2 0
5 94 0 5 0
49 40 4 3 0
68 95 9 5 0
1 1 8 1 0
96 77 8 7 0
98 41 3 7 0
96 6 9 0 0
68 31 8 1 0
47 12 5 2 0
4 84 2 0 0
86 41 4 4 0
8 55 1 7 0
35 64 4 4 0
93 48 4 9 0
35 35 5 8 0
34 24 8 5 0
37 97 9 5 0
59 39 6 3 0
8 63 3 4 0
37 41 5 1 0
92 71 7 8 0
14 65 0 1 0
70 91 9 7 0
23 54 9 3 0
99 42 3 6 0
9 36 1 1 0
78 44 4 4 0
7 88 1 5 0
3 37 2 1 0
78 72 8 2 0
19 43 3 1 0
76 67 6 4 0
86 3 7 5 0
64 16 3 6 0
51 6 2 5 0
70 48 5 9 0
61 41 5 2 0
32 86 9 5 0
11 10 6 9 0
51 67 2 0 0
22 88 9 3 0
49 79 4 7 0
84 22 4 2 0
1 53 1 2 0
1 22 6 9 0
6 60 0 0 0
43 50 8 6 0
82 15 4 5 0
19 75 1 7 0
21 24 0 9 0
13 94 1 8 0
7 61 2 8 0
98 21 1 5 0
50 3 7 3 0
99 56 4 4 0
15 8 5 5 0
27 67 5 2 0
37 29 5 5 0
56 41 4 3 0
76 85 9 9 0
31 41 5 0 0
30 58 5 3 0
82 41 4 1 0
16 30 1 5 0
1 38 3 2 0
51 3 9 5 0
56 18 8 5 0
92 20 3 6 0
25 86 8 7 0
76 63 7 4 0
50 71 3 6 0
49 40 6 8 0
89 77 5 0 0
26 71 2 2 0
77 29 7 8 0
47 59 6 3 0
35 79 0 4 0
99 48 0 7 0
27 53 3 9 0
80 28 5 4 0
1 21 0 8 0
95 77 0 1 0
83 27 6 7 0
12 33 7 1 0
78 89 4 3 0
46 8 5 5 0
86 36 8 2 0
21 86 3 8 0
33 73 9 4 0
82 16 1 2 0
70 85 6 8 0
12 30 1 4 0
39 66 0 5 0
78 9 4 8 0
35 24 9 0 0
51 94 6 0 0
43 39 9 9 0
35 69 4 2 0
93 98 1 7 0
7 13 4 8 0
4 51 8 0 0
1 82 4 9 0
38 3 7 5 0
48 86 7 3 0
38 35 2 6 0
89 16 8 7 0
22 58 1 8 0
85 12 8 4 0
64 83 4 8 0
29 42 5 1 0
50 50 9 2 0
42 31 3 6 0
98 11 3 3 0
24 82 9 8 0
23 5 5 6 0
1 90 1 9 0
60 76 3 4 0
8 61 3 0 0
41 35 6 9 0
97 42 9 0 0
58 32 3 5 0
35 79 7 0 0
7 44 2 4 0
2 4 6 1 0
57 8 6 3 0
35 59 0 1 0
7 79 3 7 0
5 37 8 2 0
51 69 1 5 0
12 38 2 9 0
14 53 8 0 0
0 82 2 9 0
93 83 9 4 0
56 53 7 1 0
51 66 6 7 0
95 4 7 6 0
63 18 6 0 0
95 87 5 3 0
45 62 1 3 0
65 89 6 5 0
83 68 2 1 0
30 4 8 5 0
93 24 5 4 0
82 4 1 5 0
38 19 6 9 0
0 50 1 6 0
76 39 4 7 0
83 58 3 4 0
18 18 7 3 0
48 58 3 3 0
91 4 5 6 0
50 49 5 4 0
80 75 0 5 0
68 92 1 6 0
76 53 9 1 0
57 74 1 1 0
82 1 3 0 0
70 14 8 6 0
27 91 3 6 0
40 80 6 8 0
90 45 8 3 0
35 71 3 7 0
2 90 8 5 0
47 68 6 4 0
20 81 2 8 0
42 4 5 8 0
80 77 7 8 0
73 77 7 5 0
57 91 7 8 0
3 14 6 4 0
11 34 6 9 0
88 0 9 3 0
6 40 3 1 0
22 74 5 8 0
13 41 0 7 0
7 57 9 0 0
28 1 0 7 0
45 67 0 8 0
54 82 4 1 0
76 37 9 3 0
91 48 8 9 0
37 42 2 1 0
89 60 4 2 0
37 11 0 1 0
67 12 1 4 0
53 87 8 0 0
65 7 0 2 0
99 93 0 5 0
7 24 9 2 0
28 91 0 0 0
46 66 0 3 0
76 20 9 7 0
40 5 7 8 0
32 4 8 2 0
14 31 1 0 0
99 56 0 3 0
90 69 5 1 0
5 36 1 2 0
63 57 0 0 0
77 8 9 9 0
70 31 1 4 0
71 88 6 7 0
0 92 6 1 0
81 83 4 6 0
73 84 6 2 0
62 59 3 9 0
93 39 6 0 0
26 2 6 0 0
91 28 0 7 0
78 34 0 7 0
24 80 6 3 0
6 89 6 3 0
36 92 9 0 0
83 24 6 3 0
47 87 5 5 0
81 95 5 9 0
30 38 8 5 0
80 90 0 0 0
71 14 2 8 0
96 46 8 1 0
69 46 2 1 0
25 25 6 2 0
89 88 1 2 0
99 86 6 7 0
80 66 2 9 0
77 26 2 9 0
90 27 1 2 0
59 73 8 5 0
57 95 0 4 0
45 59 2 1 0
17 66 1 2 0
89 14 8 0 0
80 14 3 2 0
42 37 0 3 0
42 71 5 5 0
74 52 8 8 0
98 31 6 8 0
56 72 6 6 0
63 17 8 1 0
58 68 2 2 0
11 92 8 1 0
41 9 9 1 0
24 18 0 8 0
66 19 5 0 0
16 64 3 5 0
14 15 4 3 0
91 42 8 2 0
47 11 4 0 0
63 12 3 7 0
76 54 2 6 0
55 96 7 0 0
55 95 8 0 0
68 38 1 9 0
26 90 5 1 0
90 28 4 9 0
63 28 5 7 0
6 63 0 7 0
70 52 8 3 0
23 14 3 2 0
10 17 5 8 0
53 39 9 9 0
88 80 4 6 0
99 89 5 1 0
26 83 0 6 0
34 41 7 4 0
88 80 1 6 0
29 60 4 7 0
62 46 1 0 0
19 87 2 5 0
47 49 4 5 0
46 49 0 2 0
27 11 6 8 0
33 92 7 4 0
8 95 0 8 0
89 30 6 8 0
46 38 5 6 0
2 42 5 0 0
17 90 8 2 0
59 61 7 7 0
76 66 0 4 0
99 2 4 6 0
36 14 2 0 0
42 99 1 3 0
28 30 8 3 0
85 95 6 3 0
92 10 8 7 0
90 71 2 2 0
89 70 8 6 0
5 83 7 0 0
94 3 9 2 0
79 25 3 3 0
29 98 2 5 0
35 5 2 7 0
57 86 7 5 0
21 67 9 8 0
9 92 0 3 0
28 25 0 3 0
53 42 3 2 0
58 91 3 6 0
88 19 2 6 0
63 47 5 0 0
72 75 6 5 0
13 44 5 2 0
78 47 5 8 0
62 30 4 7 0
72 43 3 3 0
11 56 0 6 0
16 28 0 7 0
84 1 5 3 0
29 69 4 9 0
89 99 6 8 0
96 97 1 5 0
19 6 4 6 0
53 50 7 5 0
40 20 3 8 0
94 29 5 0 0
30 88 6 0 0
15 40 5 2 0
28 28 7 6 0
99 44 4 8 0
76 71 5 9 0
41 33 2 5 0
52 49 7 2 0
84 81 9 4 0
63 17 8 5 0
89 47 5 6 0
31 41 6 3 0
91 72 2 1 0
40 61 4 8 0
63 26 4 3 0
37 90 5 3 0
49 49 1 7 0
74 57 1 4 0
60 66 7 1 0
8 65 8 9 0
7 18 6 8 0
65 11 7 9 0
83 47 0 5 0
6 19 5 6 0
29 95 9 9 0
80 63 5 8 0
44 56 2 6 0
97 17 0 2 0
80 77 3 2 0
30 76 9 4 0
17 0 1 8 0
66 5 1 4 0
5 57 3 5 0
14 76 2 1 0
99 57 1 5 0
2 16 0 8 0
98 53 7 6 0
29 84 2 6 0
5 26 6 8 0
18 3 2 9 0
49 72 1 7 0
40 53 1 0 0
32 16 4 6 0
8 98 8 5 0
22 64 6 2 0
93 83 9 5 0
17 99 7 3 0
38 60 8 6 0
77 49 6 8 0
41 83 9 6 0
66 21 1 1 0
5 81 8 8 0
43 18 5 9 0
70 31 9 6 0
61 10 5 5 0
47 43 2 9 0
40 38 3 8 0
34 51 1 5 0
62 89 7 0 0
90 28 2 3 0
24 27 6 9 0
11 69 9 1 0
97 88 8 1 0
46 18 9 7 0
73 82 8 6 0
55 47 5 9 0
85 34 6 4 0
5 7 8 5 0
18 48 1 5 0
36 7 2 2 0
21 20 3 9 0
25 85 9 0 0
32 56 5 0 0
80 96 7 4 0
52 27 3 1 0
7 9 0 6 0
92 92 7 2 0
5 11 3 2 0
52 11 0 4 0
74 54 1 0 0
26 34 0 1 0
95 37 1 5 0
79 72 6 1 0
76 95 5 6 0
15 43 3 1 0
61 54 1 1 0
75 27 3 6 0
23 89 0 7 0
98 51 7 4 0
52 71 5 6 0
2 0 2 7 0
21 94 2 1 0
87 73 2 6 0
31 75 8 6 0
4 38 8 0 0
97 11 9 2 0
42 16 5 0 0
38 73 4 4 0
71 2 0 7 0
93 99 9 5 0
84 79 3 4 0
66 39 1 2 0
87 91 5 2 0
51 83 6 1 0
87 61 7 2 0
23 17 4 0 0
71 81 1 5 0
18 28 2 9 0
97 44 5 6 0
21 46 2 5 0
0 5 6 3 0
41 67 4 5 0
45 35 9 6 0
6 83 6 5 0
57 48 8 2 0
32 96 5 3 0
62 12 9 0 0
31 96 3 4 0
68 4 5 5 0
14 60 5 5 0
95 38 1 4 0
10 9 9 9 0
51 21 9 8 0
61 29 2 1 0
98 74 6 6 0
42 54 3 9 0
12 78 3 2 0
87 57 0 5 0
66 62 5 6 0
21 15 1 2 0
7 67 9 7 0
3 70 5 3 0
36 94 7 3 0
12 17 4 4 0
89 70 1 8 0
78 85 6 2 0
1 35 9 1 0
35 51 1 6 0
20 2 5 5 0
22 95 2 7 0
62 46 8 3 0
73 23 1 3 0
51 16 7 0 0
19 9 9 0 0
6 73 9 4 0
2 51 9 8 0
23 1 5 8 0
77 92 5 9 0
13 46 3 0 0
71 26 3 0 0
12 4 2 4 0
42 45 4 8 0
52 64 1 3 0
56 68 9 1 0
1 27 6 2 0
68 57 2 3 0
99 76 4 8 0
42 39 5 4 0
66 29 2 3 0
64 31 0 1 0
73 3 9 9 0
15 0 6 7 0
68 6 0 1 0
9 28 7 8 0
9 27 6 2 0
50 76 2 2 0
88 91 0 6 0
22 11 8 4 0
97 23 5 3 0
43 95 0 3 0
28 70 0 4 0
72 64 1 8 0
2 59 9 3 0
25 10 4 3 0
9 56 4 6 0
56 88 1 8 0
9 96 3 6 0
15 85 7 5 0
8 14 9 9 0
15 82 7 8 0
54 85 4 1 0
57 63 8 1 0
74 38 4 4 0
58 28 7 4 0
12 28 6 8 0
42 24 8 2 0
72 50 5 3 0
58 3 6 5 0
72 82 7 1 0
37 48 2 3 0
2 51 9 4 0
53 38 7 1 0
89 14 6 2 0
45 31 8 4 0
59 6 2 3 0
45 76 5 8 0
89 64 3 3 0
7 1 9 9 0
4 32 1 3 0
98 7 8 3 0
61 2 7 2 0
60 69 2 9 0
10 35 4 1 0
49 48 8 4 0
83 14 3 5 0
11 80 4 1 0
51 94 2 8 0
67 91 1 6 0
63 74 5 9 0
11 90 4 8 0
30 58 6 1 0
92 32 0 6 0
46 81 7 6 0
96 53 7 2 0
69 55 9 3 0
68 60 0 7 0
12 8 5 5 0
7 12 6 6 0
28 98 6 6 0
18 34 8 5 0
69 29 8 6 0
95 7 9 8 0
55 77 7 6 0
77 65 3 2 0
48 1 1 7 0
93 11 7 6 0
11 42 4 6 0
76 75 3 5 0
85 27 5 6 0
9 29 2 7 0
92 37 9 1 0
64 5 0 7 0
2 87 3 0 0
73 81 7 9 0
23 5 6 2 0
12 79 4 8 0
2 70 5 2 0
4 81 2 2 0
81 93 9 7 0
84 28 0 1 0
16 56 7 4 0
98 15 1 4 0
75 52 6 1 0
67 37 3 7 0
33 50 2 3 0
65 95 7 5 0
98 22 1 9 0
2 71 8 1 0
56 65 0 6 0
66 22 9 0 0
86 28 4 2 0
6 4 0 3 0
86 21 3 5 0
55 3 3 1 0
12 57 9 5 0
19 77 5 5 0
35 76 3 8 0
4 30 3 9 0
51 79 5 5 0
7 3 0 2 0
9 93 6 6 0
61 61 5 9 0
26 19 0 3 0
99 1 3 8 0
57 47 8 3 0
0 40 7 2 0
38 45 6 9 0
30 64 5 2 0
5 84 4 0 0
56 41 3 5 0
28 86 7 5 0
57 92 7 6 0
21 55 8 4 0
97 88 5 6 0
97 32 8 8 0
39 49 6 9 0
35 92 5 5 0
0 87 3 7 0
33 4 9 6 0
50 9 0 4 0
40 69 0 9 0
52 46 4 6 0
67 31 0 8 0
88 63 6 8 0
65 24 7 0 0
26 65 0 3 0
4 43 9 0 0
79 35 7 9 0
92 23 9 2 0
2 80 1 8 0
60 48 0 1 0
60 14 1 0 0
84 32 3 9 0
36 53 4 7 0
40 13 7 5 0
40 56 6 1 0
10 24 2 1 0
52 59 0 1 0
5 44 7 9 0
20 29 4 7 0
88 20 4 7 0
51 52 1 1 0
2 89 2 9 0
14 83 0 4 0
19 74 8 5 0
7 18 7 6 0
61 38 6 9 0
93 27 8 3 0
30 12 1 9 0
58 67 5 5 0
59 54 0 1 0
77 24 6 4 0
13 7 3 3 0
3 66 0 1 0
31 53 8 3 0
9 82 9 2 0
18 54 3 5 0
39 48 3 2 0
70 1 3 3 0
17 65 9 4 0
62 52 4 8 0
80 89 8 8 0
3 69 8 3 0
78 31 9 6 0
35 0 4 1 0
30 35 5 4 0
77 82 4 9 0
89 46 7 4 0
81 35 3 9 0
74 29 0 8 0
90 25 2 3 0
14 94 5 0 0
30 21 3 6 0
15 83 9 4 0
32 78 7 7 0
24 39 9 8 0
88 61 9 8 0
87 45 1 3 0
90 60 1 8 0
15 86 7 7 0
46 41 3 9 0
52 1 9 8 0
70 56 6 9 0
86 38 6 1 0
45 28 9 4 0
45 24 0 2 0
47 48 2 3 0
83 13 0 1 0
23 52 5 4 0
47 4 1 8 0
35 28 6 8 0
36 17 6 0 0
81 26 6 3 0
46 65 0 4 0
17 95 1 3 0
64 26 2 4 0
36 88 3 6 0
91 73 6 5 0
43 36 5 6 0
99 77 3 6 0
78 80 9 0 0
28 58 4 4 0
81 45 0 8 0
58 77 0 0 0
71 94 6 3 0
51 5 1 8 0
76 20 3 2 0
73 47 3 7 0
4 28 3 2 0
53 60 5 8 0
18 43 2 7 0
85 32 8 7 0
47 40 8 7 0
9 6 6 3 0
61 13 0 9 0
40 66 1 4 0
47 56 0 6 0
33 38 3 6 0
29 47 6 9 0
88 82 3 2 0
73 91 1 9 0
89 96 5 7 0
60 22 7 4 0
77 52 8 7 0
45 79 6 3 0
85 66 0 5 0
55 4 1 6 0
98 57 5 9 0
32 38 7 7 0
46 87 7 9 0
65 28 6 4 0
15 23 2 8 0
77 68 5 7 0
11 18 3 4 0
99 55 1 0 0
76 44 9 1 0
13 37 1 9 0
3 99 5 3 0
37 54 6 6 0
72 99 3 7 0
11 13 2 0 0
13 61 4 3 0
67 36 5 5 0
64 69 2 5 0
11 66 0 8 0
92 74 8 4 0
5 86 7 4 0
58 5 9 5 0
82 79 9 8 0
56 7 3 0 0
78 62 0 5 0
20 90 3 6 0
80 9 6 1 0
80 30 6 4 0
88 96 3 7 0
29 16 7 1 0
19 74 7 6 0
95 93 3 5 0
11 30 9 9 0
8 92 9 9 0
43 85 1 1 0
78 79 3 4 0
61 35 5 5 0
99 78 9 7 0
43 56 9 1 0
11 61 4 8 0
22 43 7 3 0
2 56 7 8 0
15 88 0 2 0
77 25 1 4 0
25 52 2 0 0
23 29 8 6 0
65 28 5 2 0
0 11 5 0 0
99 10 2 0 0
12 68 9 6 0
42 42 1 2 0
33 65 3 4 0
84 2 0 5 0
99 52 6 7 0
75 18 5 3 0
21 22 2 8 0
1 47 4 9 0
93 75 7 1 0
37 78 5 6 0
27 52 6 9 0
9 99 4 8 0
68 73 6 2 0
4 99 0 3 0
81 79 1 2 0
19 12 4 0 0
66 62 2 1 0
56 25 8 2 0
4 22 5 2 0
10 10 0 3 0
17 91 6 3 0
89 17 3 9 0
81 11 1 0 0
28 21 2 6 0
10 95 7 0 0
5 16 1 5 0
80 15 3 0 0
37 82 2 0 0
65 45 5 1 0
74 88 6 8 0
9 3 7 8 0
45 17 1 6 0
92 92 0 3 0
27 94 2 2 0
45 22 5 1 0
30 18 6 4 0
40 47 0 4 0
6 72 6 9 0
88 74 7 8 0
1 53 8 7 0
55 77 4 7 0
71 73 1 7 0
19 8 0 9 0
66 11 0 7 0
22 84 9 9 0
15 97 2 3 0
40 45 3 0 0
72 99 5 8 0
73 35 8 2 0
53 97 9 6 0
22 18 0 9 0
60 70 7 7 0
6 18 5 5 0
59 52 7 8 0
41 57 6 6 0
7 46 1 1 0
72 17 5 0 0
80 5 3 3 0
59 96 0 0 0
29 64 5 7 0
29 71 1 6 0
23 2 6 6 0
5 94 8 8 0
61 65 6 6 0
61 45 1 8 0
74 94 7 4 0
29 89 3 9 0
60 93 6 5 0
48 11 1 1 0
58 35 2 6 0
17 17 3 9 0
81 68 0 7 0
26 90 1 9 0
2 71 6 6 0
98 12 5 0 0
53 34 5 2 0
73 63 6 2 0
58 72 1 6 0
27 25 3 4 0
16 73 4 1 0
76 28 2 4 0
73 88 2 1 0
44 53 1 1 0
84 48 0 0 0
83 80 9 8 0
92 57 4 9 0
56 52 8 2 0
40 98 2 0 0
84 81 4 0 0
99 86 6 7 0
78 19 9 8 0
29 46 7 8 0
72 96 0 7 0
39 96 6 1 0
69 15 0 7 0
72 95 7 6 0
26 61 6 5 0
62 12 8 0 0
72 0 4 8 0
8 77 7 4 0
44 26 2 0 0
23 26 3 2 0
10 1 8 0 0
71 48 5 1 0
80 63 4 9 0
8 44 5 4 0
89 46 2 5 0
72 94 1 1 0
30 30 0 7 0
67 89 9 4 0
88 81 0 7 0
80 56 2 1 0
24 43 2 7 0
67 2 5 2 0
45 46 4 1 0
80 4 8 4 0
75 60 0 5 0
91 79 4 4 0
74 5 1 6 0
22 56 4 5 0
95 6 7 5 0
65 35 3 2 0
53 82 2 9 0
78 7 6 4 0
89 63 7 8 0
89 37 1 9 0
35 26 7 5 0
38 23 2 6 0
75 27 3 0 0
66 19 7 2 0
86 7 8 4 0
29 68 8 3 0
56 7 7 8 0
77 17 2 5 0
11 35 1 2 0
56 51 0 1 0
45 31 7 1 0
73 52 6 7 0
31 33 0 5 0
21 31 8 9 0
18 9 7 3 0
60 78 7 7 0
20 17 3 3 0
56 34 8 9 0
60 38 3 2 0
37 24 1 0 0
6 59 3 2 0
23 65 9 4 0
4 96 8 0 0
44 13 8 3 0
85 99 3 8 0
61 50 7 3 0
81 0 9 7 0
54 79 9 4 0
23 44 9 2 0
13 83 7 5 0
93 6 7 5 0
48 86 6 7 0
2 43 2 3 0
32 1 8 2 0
21 90 7 7 0
38 45 2 5 0
72 98 3 4 0
88 51 5 0 0
29 18 7 2 0
20 89 0 2 0
42 69 1 0 0
78 37 0 2 0
93 69 1 2 0
42 41 3 1 0
62 44 8 0 0
85 57 6 1 0
91 65 8 3 0
66 60 2 9 0
41 60 7 0 0
30 7 2 0 0
31 70 4 1 0
59 51 5 1 0
96 57 3 9 0
58 66 6 4 0
62 73 6 2 0
55 34 7 2 0
16 88 1 8 0
63 80 4 9 0
56 97 7 2 0
9 21 4 3 0
1 84 3 3 0
43 43 8 6 0
52 71 9 9 0
49 79 3 1 0
76 18 0 9 0
99 85 6 9 0
85 59 0 7 0
14 98 3 0 0
4 24 4 3 0
25 12 2 0 0
19 14 8 4 0
53 93 2 7 0
25 19 5 9 0
23 76 3 7 0
23 68 8 0 0
20 30 3 7 0
26 19 4 7 0
8 14 4 5 0
97 46 7 5 0
93 48 9 5 0
4 83 6 5 0
19 89 0 1 0
49 44 9 3 0
97 47 5 8 0
78 1 8 4 0
68 51 5 1 0
74 27 5 6 0
29 35 7 3 0
34 46 6 2 0
65 87 7 9 0
86 25 8 4 0
6 59 2 4 0
45 3 2 2 0
51 42 5 6 0
66 32 8 5 0
61 22 8 4 0
37 52 6 4 0
17 14 4 2 0
11 94 4 3 0
11 89 6 9 0
61 27 3 0 0
78 52 9 0 0
75 35 8 9 0
46 48 5 8 0
80 9 2 2 0
88 84 0 9 0
21 41 4 3 0
73 13 5 0 0
92 88 1 7 0
16 49 3 2 0
91 88 4 3 0
28 77 4 1 0
5 98 8 6 0
11 41 2 8 0
93 6 8 0 0
13 2 9 6 0
1 22 4 0 0
62 93 1 6 0
75 39 2 1 0
24 33 9 3 0
1 66 7 0 0
37 60 2 5 0
45 91 1 9 0
68 73 1 2 0
29 97 1 4 0
47 95 9 4 0
71 96 1 8 0
41 18 1 0 0
66 96 7 5 0
45 87 5 9 0
29 66 5 5 0
81 62 3 8 0
57 19 9 5 0
25 70 0 8 0
9 46 4 5 0
76 5 3 6 0
55 71 4 4 0
47 68 4 9 0
27 6 9 8 0
87 20 7 2 0
18 16 1 6 0
66 5 9 0 0
78 49 3 5 0
95 4 3 2 0
60 18 8 3 0
35 46 7 8 0
76 93 8 8 0
22 8 2 7 0
97 61 3 4 0
85 56 2 7 0
61 22 9 9 0
6 93 2 6 0
68 45 0 4 0
14 90 2 0 0
61 6 9 0 0
3 59 0 7 0
23 51 2 2 0
31 8 0 3 0
99 55 6 3 0
73 45 6 5 0
30 64 4 0 0
33 90 4 5 0
77 49 9 3 0
72 33 0 0 0
12 96 5 1 0
18 84 0 7 0
27 34 8 7 0
38 26 3 6 0
1 2 6 9 0
71 6 5 7 0
5 58 8 6 0
26 69 7 0 0
37 51 1 5 0
78 30 9 7 0
71 45 9 7 0
16 76 6 7 0
78 66 4 0 0
31 0 8 7 0
49 49 2 1 0
52 72 5 3 0
45 43 4 2 0
87 97 8 8 0
87 49 3 3 0
62 3 3 1 0
1 96 1 9 0
98 4 1 3 0
86 30 8 9 0
44 80 5 4 0
34 31 5 1 0
76 45 3 0 0
8 60 9 8 0
69 65 8 8 0
12 84 1 0 0
61 78 0 1 0
27 97 8 3 0
62 87 2 3 0
90 59 5 4 0
60 34 1 1 0
64 62 7 5 0
68 97 6 5 0
2 3 8 2 0
42 0 1 6 0
83 1 7 8 0
26 16 0 6 0
17 29 0 4 0
90 75 1 6 0
1 25 2 6 0
17 95 0 5 0
53 82 5 9 0
64 1 1 8 0
63 60 0 0 0
96 20 1 0 0
51 52 9 3 0
14 79 8 5 0
26 1 8 6 0
30 69 6 9 0
89 60 4 4 0
61 7 6 4 0
29 88 8 8 0
96 81 1 6 0
48 60 8 9 0
41 72 4 6 0
48 68 3 7 0
2 74 6 1 0
8 4 3 1 0
82 7 7 1 0
58 85 5 2 0
38 77 1 9 0
72 47 5 1 0
5 82 4 0 0
65 80 8 2 0
91 69 9 6 0
61 5 3 5 0
56 25 2 0 0
80 92 6 3 0
48 31 2 4 0
87 54 6 9 0
30 89 4 3 0
24 68 5 5 0
42 80 4 0 0
45 25 2 2 0
9 6 3 9 0
84 80 3 3 0
30 49 7 1 0
41 57 9 9 0
5 38 0 1 0
52 40 5 3 0
98 51 9 1 0
31 65 9 0 0
60 73 9 4 0
49 89 0 6 0
34 17 3 9 0
91 55 7 9 0
52 13 5 5 0
97 25 7 2 0
32 14 9 9 0
94 43 7 6 0
82 52 2 7 0
54 13 0 7 0
87 68 7 9 0
99 33 7 6 0
86 93 8 2 0
11 40 8 3 0
49 96 7 6 0
94 24 8 7 0
98 27 0 6 0
37 77 4 1 0
48 28 8 0 0
64 30 8 3 0
0 17 4 3 0
21 94 8 2 0
72 61 9 3 0
44 59 3 4 0
25 36 9 7 0
82 32 0 6 0
72 24 1 1 0
27 26 7 5 0
6 89 2 3 0
12 46 5 1 0
18 61 1 4 0
44 53 2 6 0
34 5 9 7 0
43 7 1 6 0
5 61 1 1 0
0 73 9 3 0
86 40 4 8 0
98 6 2 2 0
95 73 2 0 0
44 26 7 8 0
49 46 2 8 0
59 81 4 2 0
37 83 6 1 0
46 82 0 9 0
96 48 2 8 0
93 68 8 1 0
65 20 8 1 0
86 74 7 5 0
29 81 8 1 0
9 32 5 5 0
99 46 5 2 0
72 84 9 9 0
71 91 6 4 0
27 41 3 1 0
94 25 5 0 0
20 43 9 0 0
9 61 3 0 0
18 87 9 2 0
92 17 7 3 0
60 10 3 3 0
16 0 9 8 0
2 3 7 1 0
12 3 0 3 0
98 8 9 0 0
11 22 4 8 0
7 70 0 9 0
69 61 5 1 0
56 72 9 3 0
97 89 0 1 0
37 34 5 0 0
58 70 0 2 0
3 89 0 4 0
78 95 3 5 0
34 99 1 0 0
26 40 8 9 0
14 75 6 5 0
89 9 6 5 0
15 80 5 9 0
58 28 0 8 0
44 38 1 0 0
11 91 8 7 0
16 42 1 2 0
73 19 2 9 0
56 40 3 2 0
17 42 9 5 0
78 75 3 1 0
65 60 8 8 0
57 4 1 0 0
74 56 0 0 0
53 34 2 3 0
60 6 2 5 0
69 13 7 1 0
92 58 6 6 0
2 28 1 8 0
12 84 9 5 0
78 61 9 6 0
60 66 4 1 0
0 19 0 9 0
2 27 2 7 0
55 10 6 8 0
89 89 3 1 0
5 27 4 3 0
74 40 7 3 0
99 62 2 0 0
38 83 7 7 0
25 89 1 3 0
71 98 3 3 0
15 1 1 3 0
47 20 8 3 0
81 51 9 3 0
43 25 2 5 0
24 34 8 6 0
84 63 4 1 0
97 37 6 0 0
21 54 4 6 0
19 23 7 8 0
18 51 2 6 0
22 2 6 8 0
67 29 7 2 0
48 37 7 0 0
12 98 5 2 0
62 58 7 9 0
34 99 7 6 0
7 41 2 6 0
14 62 8 2 0
80 46 0 4 0
34 40 0 1 0
51 13 1 2 0
18 3 2 6 0
87 56 1 0 0
81 58 8 0 0
77 11 5 4 0
98 79 3 9 0
42 13 1 0 0
15 62 6 2 0
1 31 5 5 0
20 24 6 3 0
46 25 3 0 0
88 2 2 3 0
33 63 0 1 0
88 25 0 1 0
50 39 9 1 0
22 34 5 0 0
0 43 8 8 0
75 1 7 5 0
41 77 9 5 0
37 28 0 9 0
8 47 1 8 0
17 68 5 0 0
6 76 0 3 0
75 36 4 1 0
67 23 7 2 0
71 17 5 2 0
16 17 8 7 0
5 45 2 4 0
38 14 1 4 0
26 36 0 0 0
81 65 1 7 0
60 81 4 5 0
94 86 3 8 0
74 80 2 8 0
64 16 4 3 0
82 90 8 2 0
63 19 1 9 0
32 65 1 0 0
2 29 0 1 0
85 1 7 7 0
79 54 3 8 0
47 88 0 2 0
5 41 3 5 0
71 78 6 0 0
83 57 5 4 0
81 5 6 6 0
36 19 7 1 0
84 46 6 5 0
33 23 0 8 0
57 50 7 7 0
34 7 5 2 0
80 94 1 9 0
87 12 0 8 0
78 79 6 8 0
51 76 5 3 0
88 87 4 1 0
52 66 7 6 0
60 65 6 1 0
1 19 3 3 0
5 41 0 1 0
1 32 0 1 0
45 76 3 3 0
86 9 2 9 0
26 84 3 2 0
44 31 6 0 0
28 65 9 6 0
92 73 7 2 0
95 41 7 2 0
41 35 2 1 0
37 89 4 0 0
30 72 2 7 0
20 0 0 1 0
18 70 0 1 0
73 47 1 5 0
54 43 0 5 0
47 85 2 2 0
7 38 3 0 0
66 21 0 9 0
96 14 4 6 0
26 89 0 9 0
17 27 0 1 0
73 1 0 2 0
21 15 3 0 0
73 4 6 2 0
71 11 3 0 0
89 42 6 0 0
80 57 0 9 0
46 33 0 2 0
14 98 8 1 0
13 82 5 0 0
11 2 3 4 0
51 8 9 5 0
59 96 2 3 0
0 81 9 3 0
82 50 4 1 0
97 20 4 0 0
57 6 4 8 0
17 6 7 2 0
21 19 5 1 0
26 87 8 6 0
1 70 2 9 0
59 96 7 4 0
91 13 4 8 0
22 31 6 1 0
2 84 1 3 0
48 40 6 5 0
98 34 0 7 0
68 72 4 4 0
13 36 7 0 0
43 82 6 9 0
55 18 8 0 0
17 61 6 8 0
2 66 0 1 0
17 41 7 8 0
30 29 6 6 0
17 27 1 3 0
85 96 6 6 0
90 0 4 2 0
52 60 8 6 0
54 49 0 6 0
78 59 5 8 0
84 25 2 0 0
82 26 8 1 0
93 43 3 4 0
82 33 4 8 0
47 64 1 8 0
7 42 5 9 0
38 41 2 8 0
9 67 9 8 0
2 22 9 5 0
9 24 4 3 0
45 65 7 9 0
46 11 3 6 0
32 4 4 2 0
85 57 0 1 0
50 12 6 2 0
24 87 2 6 0
4 71 2 7 0
59 24 0 5 0
23 84 7 3 0
8 46 2 2 0
53 56 7 4 0
25 48 6 5 0
44 39 9 1 0
62 98 4 1 0
37 86 6 7 0
30 12 4 9 0
64 85 2 2 0
19 36 1 9 0
58 18 3 9 0
47 66 9 3 0
58 38 2 5 0
34 94 8 8 0
42 71 5 7 0
20 43 6 9 0
48 90 1 8 0
56 96 4 3 0
61 79 9 9 0
26 24 6 9 0
85 72 4 3 0
71 76 7 2 0
19 27 0 2 0
73 28 0 4 0
52 47 9 5 0
66 33 9 6 0
47 13 8 5 0
18 30 0 1 0
65 6 2 3 0
78 87 0 1 0
38 3 2 3 0
92 19 0 4 0
72 25 8 2 0
35 60 2 9 0
42 32 0 3 0
79 11 0 9 0
10 34 1 9 0
75 62 0 6 0
85 77 1 2 0
91 85 3 5 0
20 2 2 4 0
3 89 8 9 0
76 5 2 0 0
91 21 7 8 0
58 53 9 1 0
22 4 1 6 0
83 97 2 2 0
82 7 1 7 0
16 71 5 5 0
13 7 7 6 0
7 13 0 4 0
77 47 5 8 0
20 43 4 9 0
76 59 6 1 0
31 90 0 1 0
2 22 0 5 0
51 55 9 8 0
65 26 0 1 0
25 36 2 6 0
36 73 1 7 0
25 9 8 7 0
98 0 4 5 0
83 86 2 1 0
36 29 4 3 0
93 89 0 5 0
87 55 6 4 0
49 76 9 2 0
94 95 3 1 0
92 8 1 2 0
80 56 4 0 0
44 90 5 5 0
3 46 7 4 0
31 41 7 4 0
0 37 9 1 0
54 65 2 3 0
41 62 5 1 0
84 51 8 2 0
81 30 0 4 0
27 67 6 0 0
14 48 4 3 0
69 53 0 1 0
9 1 2 5 0
31 52 1 3 0
11 11 4 1 0
69 38 6 3 0
73 32 1 4 0
30 88 8 6 0
61 25 1 7 0
35 93 8 2 0
5 95 0 3 0
2 83 9 7 0
75 20 3 5 0
81 30 8 9 0
0 80 7 6 0
64 37 9 8 0
15 48 7 1 0
40 24 7 7 0
29 67 0 4 0
20 90 6 7 0
10 61 4 0 0
45 22 5 0 0
98 31 1 2 0
40 5 6 3 0
91 80 6 0 0
77 53 9 5 0
0 17 4 6 0
76 36 7 1 0
58 41 2 5 0
94 41 7 5 0
81 94 9 4 0
76 89 0 8 0
47 51 9 6 0
96 26 2 9 0
49 43 2 3 0
19 69 2 4 0
12 29 1 8 0
74 38 3 1 0
8 8 3 8 0
54 41 9 7 0
34 48 8 5 0
14 64 0 1 0
79 42 5 4 0
26 69 1 1 0
47 27 6 7 0
19 59 9 8 0
5 65 2 4 0
72 16 7 1 0
15 15 1 1 0
72 8 8 2 0
95 72 9 0 0
12 1 1 3 0
24 83 4 9 0
8 79 6 2 0
7 40 6 8 0
18 20 9 2 0
54 67 4 7 0
84 14 0 8 0
37 63 8 8 0
96 86 6 9 0
34 48 7 7 0
73 90 5 9 0
62 27 6 8 0
56 7 1 8 0
66 68 2 9 0
85 19 1 6 0
26 70 7 7 0
40 33 1 3 0
76 70 3 3 0
80 98 7 0 0
37 48 6 8 0
72 61 7 9 0
29 99 5 7 0
11 6 0 5 0
54 60 2 5 0
61 85 6 2 0
75 39 8 1 0
52 48 3 4 0
31 62 0 3 0
26 31 9 9 0
12 17 1 1 0
79 10 9 0 0
99 52 7 7 0
40 68 8 2 0
25 55 5 1 0
49 11 6 9 0
63 86 5 3 0
98 15 1 6 0
13 2 5 1 0
89 77 6 4 0
87 60 1 8 0
36 91 9 6 0
6 82 7 8 0
81 57 5 0 0
28 19 3 3 0
89 70 7 5 0
94 83 6 2 0
21 79 2 0 0
73 0 4 8 0
75 4 1 8 0
99 73 9 6 0
65 91 7 6 0
93 22 2 5 0
12 56 5 7 0
71 86 2 4 0
71 12 8 3 0
39 72 4 4 0
98 41 5 4 0
22 14 5 3 0
65 95 8 7 0
63 5 6 2 0
13 36 1 9 0
64 49 5 7 0
1 50 4 0 0
80 28 8 2 0
28 78 9 5 0
79 13 7 0 0
39 15 0 0 0
83 63 6 4 0
25 59 5 7 0
41 17 8 5 0
98 0 8 0 0
69 45 0 5 0
31 13 0 3 0
9 94 8 3 0
98 42 4 5 0
75 18 5 6 0
52 13 9 0 0
18 43 4 4 0
53 73 9 8 0
66 37 1 5 0
71 28 1 7 0
37 88 1 5 0
41 77 7 2 0
79 58 7 4 0
72 94 4 6 0
50 85 0 8 0
92 42 3 5 0
11 80 1 7 0
46 67 0 9 0
8 57 8 3 0
5 9 4 3 0
53 25 8 1 0
55 83 4 5 0
4 67 9 6 0
28 80 9 5 0
44 8 8 5 0
29 60 8 7 0
95 0 9 5 0
31 7 6 6 0
66 86 3 7 0
32 11 0 0 0
25 59 3 2 0
62 29 1 7 0
66 34 5 9 0
74 5 2 6 0
30 50 1 2 0
26 70 0 0 0
56 35 5 6 0
68 65 5 7 0
24 17 7 1 0
25 81 5 1 0
63 1 9 4 0
37 30 4 9 0
4 50 0 0 0
17 18 5 5 0
63 93 6 3 0
41 66 9 1 0
7 7 3 2 0
56 76 8 3 0
56 85 4 3 0
31 63 0 2 0
7 62 6 9 0
61 26 5 9 0
93 95 2 8 0
83 16 6 1 0
90 35 2 4 0
86 3 7 6 0
44 9 7 3 0
47 84 3 7 0
50 72 9 1 0
70 15 4 3 0
56 86 2 1 0
82 3 5 0 0
60 41 7 0 0
79 42 1 9 0
3 75 9 0 0
36 33 4 9 0
69 16 8 2 0
39 34 9 9 0
14 71 3 1 0
51 89 4 9 0
91 88 7 1 0
53 73 4 7 0
1 53 0 1 0
83 20 8 0 0
33 31 6 7 0
1 61 5 9 0
18 10 2 9 0
2 50 8 3 0
22 44 8 7 0
17 32 0 0 0
76 65 8 9 0
52 55 1 2 0
37 44 2 4 0
50 14 5 0 0
23 48 6 2 0
71 1 0 3 0
29 49 4 2 0
84 15 0 6 0
65 50 4 7 0
35 46 8 6 0
47 91 9 0 0
16 81 0 8 0
52 60 6 3 0
63 84 2 2 0
50 20 8 5 0
99 30 8 9 0
18 37 2 1 0
56 50 5 6 0
85 38 0 9 0
36 98 6 8 0
21 27 0 1 0
98 59 1 7 0
75 59 8 6 0
75 65 0 9 0
37 96 9 9 0
20 34 9 2 0
96 85 1 5 0
38 76 8 0 0
16 30 2 5 0
60 51 0 3 0
42 64 6 4 0
56 55 5 8 0
87 24 8 0 0
31 6 4 2 0
51 20 2 2 0
26 94 8 3 0
27 56 2 0 0
21 51 4 7 0
99 45 6 3 0
48 70 2 7 0
97 78 1 9 0
89 35 6 8 0
81 66 3 9 0
16 23 6 8 0
40 16 5 3 0
75 73 5 5 0
99 5 3 9 0
96 39 5 5 0
49 30 5 7 0
54 33 4 5 0
98 1 4 1 0
36 77 3 3 0
98 29 3 2 0
42 34 6 7 0
89 74 9 9 0
9 16 4 8 0
94 48 2 6 0
0 37 3 1 0
19 49 5 2 0
27 20 2 1 0
87 83 5 9 0
26 90 1 6 0
28 5 9 1 0
61 45 2 6 0
66 97 7 0 0
64 20 7 1 0
57 59 1 1 0
77 85 7 5 0
87 94 6 3 0
37 70 9 7 0
0 32 9 0 0
95 67 7 7 0
30 64 6 0 0
98 75 2 0 0
79 84 3 6 0
26 4 4 1 0
71 49 7 9 0
32 11 5 5 0
51 48 6 4 0
21 66 3 4 0
27 7 7 0 0
4 67 8 2 0
8 30 4 6 0
55 48 5 3 0
19 2 5 5 0
16 55 0 8 0
22 31 5 9 0
22 43 4 6 0
0 48 9 6 0
55 40 0 6 0
3 5 7 1 0
91 60 5 0 0
73 73 4 3 0
30 85 5 4 0
38 49 7 7 0
35 83 9 1 0
38 44 0 3 0
29 44 6 4 0
7 43 2 0 0
13 11 5 9 0
48 59 2 4 0
22 95 8 6 0
52 19 9 1 0
91 37 0 5 0
44 92 3 1 0
67 47 0 7 0
11 64 1 7 0
4 79 0 1 0
84 15 5 7 0
4 49 4 9 0
67 85 2 8 0
60 3 3 9 0
23 9 1 3 0
77 74 3 4 0
3 76 3 1 0
64 25 7 6 0
63 33 1 6 0
74 87 3 1 0
94 37 8 7 0
95 31 9 6 0
90 30 2 0 0
37 31 5 6 0
71 37 8 3 0
84 42 3 5 0
88 47 2 6 0
58 24 0 1 0
85 17 2 3 0
3 72 1 2 0
48 34 5 8 0
77 60 8 4 0
98 35 9 0 0
51 68 2 5 0
16 47 9 6 0
99 8 8 3 0
28 32 4 4 0
29 9 3 5 0
95 53 1 7 0
52 15 1 7 0
85 28 6 2 0
99 56 3 0 0
87 75 3 2 0
23 47 4 5 0
2 24 3 5 0
38 92 4 5 0
55 77 3 5 0
33 13 0 8 0
56 38 4 9 0
51 37 8 3 0
66 27 8 8 0
29 75 9 5 0
18 5 3 0 0
3 2 2 4 0
85 57 3 5 0
57 84 5 9 0
51 22 7 5 0
19 73 0 5 0
5 54 0 6 0
10 15 4 5 0
95 28 4 6 0
79 44 6 0 0
85 40 5 1 0
89 47 1 8 0
76 50 5 9 0
23 68 8 8 0
65 62 2 8 0
56 15 8 7 0
70 70 9 4 0
17 49 2 5 0
19 82 2 4 0
42 40 1 0 0
58 38 3 7 0
80 49 4 6 0
9 9 0 3 0
7 11 3 0 0
65 92 2 0 0
14 21 5 5 0
3 68 5 7 0
29 72 8 9 0
69 69 0 9 0
79 20 9 6 0
72 75 0 5 0
10 49 6 5 0
22 99 8 4 0
86 86 7 8 0
4 54 7 9 0
84 21 0 1 0
66 30 6 5 0
76 64 6 8 0
25 93 7 6 0
74 88 7 2 0
79 87 8 9 0
22 42 7 8 0
65 88 9 9 0
61 30 8 6 0
82 53 3 0 0
34 42 0 9 0
7 56 2 3 0
34 68 2 9 0
71 42 5 7 0
47 47 2 1 0
49 51 1 0 0
5 88 2 2 0
48 5 9 3 0
88 26 8 9 0
70 24 6 1 0
52 32 9 4 0
87 24 9 1 0
14 92 3 3 0
57 24 8 7 0
66 6 3 1 0
60 17 5 6 0
38 39 5 3 0
6 55 9 2 0
21 84 2 5 0
47 79 1 4 0
4 59 3 9 0
17 30 7 3 0
76 93 5 1 0
34 64 5 1 0
91 45 1 2 0
4 60 4 9 0
4 72 2 7 0
53 58 0 5 0
87 4 9 5 0
24 67 5 8 0
60 24 7 1 0
39 78 1 2 0
40 81 8 7 0
7 97 6 4 0
59 73 6 7 0
37 83 2 1 0
11 74 1 4 0
6 65 6 2 0
38 76 1 2 0
99 18 9 4 0
76 40 2 5 0
49 90 3 0 0
34 11 5 4 0
28 87 3 9 0
85 55 2 2 0
45 57 4 2 0
25 67 1 3 0
37 70 1 9 0
1 93 1 7 0
26 32 3 8 0
54 41 6 4 0
9 71 5 8 0
34 49 0 4 0
83 53 1 8 0
67 76 4 8 0
11 8 4 5 0
48 78 8 2 0
82 17 3 9 0
49 58 8 3 0
61 86 7 7 0
43 0 6 4 0
0 98 2 1 0
40 97 5 0 0
16 48 4 1 0
39 2 5 2 0
6 31 3 8 0
72 98 8 6 0
46 37 4 8 0
69 39 6 8 0
91 20 6 3 0
56 85 6 1 0
52 98 8 6 0
9 10 6 8 0
78 25 4 7 0
10 45 2 4 0
44 66 4 1 0
2 34 5 0 0
69 77 2 4 0
59 41 9 3 0
66 60 4 4 0
73 82 7 3 0
66 26 1 4 0
35 58 3 6 0
66 9 9 5 0
9 67 4 3 0
64 57 9 6 0
67 27 0 2 0
47 74 3 2 0
87 15 1 7 0
31 59 9 2 0
77 58 7 8 0
42 25 8 0 0
78 84 0 9 0
21 40 0 5 0
21 35 0 3 0
52 67 6 1 0
70 25 1 5 0
22 27 5 0 0
25 39 8 7 0
14 22 5 7 0
87 95 5 0 0
60 53 2 7 0
31 55 5 9 0
51 15 3 4 0
54 21 6 7 0
38 30 6 6 0
7 72 7 0 0
92 97 0 4 0
48 70 3 6 0
40 55 8 2 0
82 82 0 1 0
51 66 3 0 0
93 57 1 6 0
26 14 9 8 0
58 10 0 2 0
51 88 7 4 0
47 32 3 4 0
84 98 9 5 0
91 78 2 7 0
76 74 2 3 0
36 99 0 4 0
87 33 1 3 0
14 86 0 9 0
92 34 5 5 0
20 86 6 7 0
64 36 2 8 0
20 83 5 6 0
57 28 4 1 0
52 84 1 9 0
78 37 1 9 0
39 0 4 3 0
54 24 2 5 0
22 16 8 1 0
90 4 6 9 0
50 55 6 6 0
62 43 2 1 0
68 13 0 1 0
24 93 1 3 0
22 28 8 4 0
62 32 1 8 0
10 63 8 7 0
3 54 7 5 0
91 17 8 4 0
97 50 8 9 0
91 78 4 7 0
49 23 8 3 0
0 94 3 3 0
67 4 9 9 0
2 31 0 2 0
31 30 9 2 0
54 99 4 5 0
85 11 3 9 0
73 97 4 5 0
22 61 2 6 0
89 56 8 1 0
64 39 6 3 0
57 98 1 2 0
77 65 4 1 0
83 54 9 5 0
64 26 3 7 0
91 16 6 0 0
98 91 8 9 0
33 24 2 7 0
77 33 3 1 0
90 59 4 4 0
64 23 1 1 0
74 12 0 9 0
22 57 9 8 0
29 23 4 4 0
15 86 6 4 0
5 17 3 5 0
17 73 4 9 0
51 74 8 8 0
43 66 3 2 0
50 5 0 7 0
62 11 5 2 0
67 92 6 9 0
74 34 2 3 0
27 32 2 8 0
62 84 0 6 0
12 10 5 4 0
59 23 3 5 0
56 1 9 5 0
64 54 4 5 0
81 87 4 4 0
64 25 3 7 0
12 16 1 9 0
76 10 0 4 0
23 80 0 0 0
3 66 4 2 0
44 56 1 4 0
81 71 5 2 0
3 34 3 2 0
62 0 2 5 0
84 35 7 8 0
47 16 2 0 0
20 59 1 1 0
18 47 2 1 0
5 67 5 3 0
80 42 7 6 0
72 17 2 4 0
96 59 4 1 0
72 44 5 7 0
70 19 3 6 0
2 79 1 1 0
15 40 2 1 0
92 20 1 0 0
27 93 3 2 0
1 84 5 7 0
24 21 4 9 0
15 99 6 9 0
4 0 2 9 0
40 60 8 7 0
47 67 9 5 0
74 33 5 2 0
71 40 7 7 0
76 73 1 1 0
56 63 6 6 0
64 71 9 0 0
5 89 1 2 0
83 34 2 0 0
62 48 3 1 0
34 9 0 0 0
4 93 5 5 0
43 72 7 1 0
7 9 8 6 0
90 75 2 4 0
16 83 8 2 0
30 74 3 5 0
49 71 6 6 0
72 59 2 5 0
59 11 3 5 0
73 85 5 1 0
93 64 3 6 0
34 41 6 5 0
58 91 5 8 0
98 1 1 4 0
86 74 8 7 0
27 8 1 1 0
27 43 8 9 0
53 77 2 6 0
79 53 1 6 0
25 14 4 2 0
90 65 3 4 0
61 14 4 7 0
8 64 1 2 0
81 62 4 7 0
16 90 1 6 0
18 13 6 6 0
7 97 8 7 0
80 10 3 6 0
36 94 0 3 0
88 33 5 2 0
63 0 8 6 0
97 12 5 6 0
20 78 3 0 0
81 37 6 4 0
83 34 0 9 0
28 32 3 0 0
12 42 3 1 0
86 73 1 8 0
83 78 5 7 0
79 17 2 3 0
50 1 4 8 0
47 79 9 6 0
4 7 1 1 0
56 93 3 1 0
41 55 1 0 0
22 99 6 3 0
91 21 6 0 0
92 89 9 2 0
15 23 4 3 0
53 10 7 0 0
20 72 3 8 0
67 64 6 4 0
81 15 3 0 0
77 54 3 8 0
61 13 2 9 0
76 30 5 1 0
14 20 8 2 0
89 24 7 3 0
28 71 8 3 0
45 94 3 5 0
43 37 8 0 0
87 52 3 8 0
89 13 3 9 0
19 93 1 8 0
33 20 9 9 0
16 76 0 9 0
47 55 8 7 0
95 38 4 3 0
52 32 9 5 0
65 33 9 4 0
18 29 5 9 0
58 8 8 8 0
75 56 6 3 0
57 95 1 4 0
70 41 4 5 0
80 11 5 5 0
73 8 1 4 0
77 28 1 6 0
35 17 4 0 0
60 17 1 4 0
57 35 8 2 0
73 6 6 8 0
45 51 7 9 0
70 92 7 1 0
97 77 8 7 0
58 79 8 3 0
59 25 2 1 0
27 61 7 2 0
70 21 7 1 0
57 85 4 3 0
40 94 9 2 0
3 2 7 1 0
82 41 3 0 0
43 95 2 6 0
56 72 8 9 0
77 40 9 0 0
47 52 3 2 0
8 23 2 1 0
95 38 8 8 0
80 62 1 1 0
65 82 6 4 0
38 91 1 5 0
78 55 4 6 0
12 75 0 2 0
87 74 1 5 0
59 78 2 5 0
35 4 8 1 0
91 92 0 4 0
7 67 7 2 0
45 4 6 7 0
52 41 1 6 0
10 85 5 5 0
87 21 1 6 0
86 49 1 6 0
57 96 3 9 0
56 93 1 8 0
57 57 0 2 0
35 73 7 9 0
46 70 2 2 0
85 8 9 4 0
62 93 9 7 0
24 96 9 6 0
9 22 2 9 0
90 43 3 2 0
91 65 9 6 0
53 56 9 1 0
84 30 7 3 0
89 32 0 6 0
65 22 8 6 0
78 4 3 7 0
51 28 8 7 0
20 29 2 8 0
50 85 7 9 0
88 6 6 7 0
16 97 8 6 0
2 30 2 2 0
95 61 5 8 0
66 60 4 6 0
20 39 0 7 0
9 89 3 4 0
43 60 6 9 0
7 70 7 3 0
13 40 4 5 0
93 80 8 2 0
72 82 7 5 0
76 96 8 0 0
62 91 6 4 0
36 77 5 5 0
35 86 3 2 0
11 93 3 6 0
51 15 7 6 0
8 38 4 8 0
57 97 4 5 0
42 60 3 7 0
8 9 6 3 0
50 23 7 2 0
88 93 3 7 0
86 90 4 0 0
53 63 1 6 0
92 77 1 7 0
44 97 5 6 0
96 50 9 2 0
13 91 3 1 0
60 70 3 9 0
59 57 5 5 0
78 65 1 8 0
91 20 3 8 0
88 8 2 0 0
86 10 0 0 0
67 30 7 9 0
9 57 2 5 0
65 85 7 9 0
82 90 1 5 0
79 46 9 0 0
70 22 3 7 0
47 19 9 9 0
60 49 3 9 0
47 57 6 3 0
32 87 6 4 0
17 90 8 6 0
27 99 2 7 0
99 89 6 5 0
80 78 9 6 0
43 64 2 7 0
80 24 3 6 0
5 30 8 5 0
31 51 3 8 0
34 57 3 3 0
42 6 0 0 0
41 43 6 4 0
51 53 3 7 0
21 74 6 0 0
89 53 3 2 0
88 19 3 7 0
25 13 1 2 0
3 35 3 2 0
56 55 1 3 0
97 46 0 9 0
16 74 7 5 0
22 48 4 6 0
52 77 6 8 0
58 60 4 4 0
48 23 8 4 0
8 61 0 1 0
20 8 3 0 0
36 90 7 2 0
25 30 4 2 0
65 43 5 3 0
24 18 7 5 0
65 23 5 4 0
12 22 4 5 0
75 41 9 3 0
79 45 1 6 0
21 10 4 3 0
52 17 0 3 0
29 44 2 9 0
28 18 8 9 0
80 99 7 2 0
5 34 5 8 0
33 23 6 0 0
90 11 4 1 0
3 37 5 0 0
49 74 2 7 0
59 20 6 7 0
47 19 2 4 0
58 48 7 8 0
37 54 1 6 0
99 39 6 9 0
86 24 1 5 0
29 58 4 7 0
60 22 4 7 0
79 55 6 0 0
76 26 8 9 0
21 79 9 7 0
24 33 0 9 0
11 78 0 2 0
87 38 9 9 0
44 82 5 2 0
9 64 7 3 0
60 0 4 9 0
91 72 4 5 0
95 51 2 4 0
79 42 5 6 0
57 65 4 0 0
32 64 2 3 0
95 63 1 2 0
32 54 5 8 0
99 87 9 9 0
33 39 2 2 0
89 19 1 0 0
34 16 7 4 0
38 21 8 4 0
21 44 8 7 0
1 88 7 5 0
72 23 2 1 0
15 22 2 5 0
50 36 5 5 0
35 50 8 6 0
94 12 7 3 0
93 94 7 4 0
57 88 0 1 0
95 74 6 2 0
20 25 9 5 0
63 22 4 1 0
80 30 4 4 0
84 71 4 0 0
3 50 9 3 0
53 99 6 2 0
70 20 0 1 0
19 32 6 1 0
83 18 9 4 0
93 19 3 2 0
37 79 3 3 0
11 25 1 2 0
99 54 0 1 0
13 44 7 1 0
27 91 6 0 0
66 9 6 3 0
32 66 6 6 0
31 33 1 1 0
78 38 8 9 0
96 80 5 4 0
56 46 3 7 0
75 80 4 7 0
19 18 6 6 0
48 79 7 3 0
30 4 3 9 0
56 84 7 5 0
33 12 4 3 0
36 69 8 6 0
95 24 3 3 0
62 13 7 4 0
99 59 3 1 0
75 25 1 6 0
66 7 7 3 0
65 63 8 9 0
60 45 6 0 0
64 54 2 4 0
27 17 5 9 0
87 41 5 1 0
34 64 7 3 0
50 35 9 7 0
23 74 5 3 0
87 44 0 5 0
55 83 3 8 0
32 11 0 6 0
3 67 2 9 0
32 2 3 7 0
31 92 5 0 0
60 92 3 4 0
76 78 3 8 0
28 95 9 7 0
14 82 7 5 0
57 73 9 3 0
1 53 2 4 0
6 81 7 1 0
32 90 9 7 0
86 31 8 2 0
20 39 6 8 0
52 25 9 1 0
7 4 3 2 0
89 70 0 7 0
54 46 0 6 0
92 14 7 4 0
76 19 2 5 0
15 1 2 5 0
60 56 8 1 0
73 43 3 2 0
48 23 7 4 0
40 89 1 1 0
66 3 0 0 0
33 66 5 3 0
40 10 9 0 0
34 22 6 3 0
93 21 5 7 0
88 28 8 1 0
64 58 9 5 0
51 17 7 4 0
15 88 1 0 0
90 32 5 8 0
28 23 7 2 0
84 36 2 1 0
39 35 8 3 0
32 70 8 2 0
19 9 5 2 0
96 66 7 7 0
13 44 0 9 0
90 49 9 4 0
32 80 3 9 0
48 10 2 9 0
14 88 1 4 0
95 96 8 6 0
65 29 3 7 0
51 74 8 3 0
29 60 4 7 0
44 82 2 5 0
49 39 7 1 0
22 70 0 8 0
55 10 8 4 0
17 86 1 2 0
54 67 9 7 0
99 53 4 4 0
68 53 6 9 0
35 21 2 5 0
65 68 5 1 0
23 3 5 5 0
32 21 8 5 0
59 70 5 8 0
5 62 6 7 0
2 59 3 9 0
79 57 8 5 0
20 30 3 4 0
42 42 5 7 0
35 61 3 5 0
59 30 0 0 0
54 62 7 3 0
51 74 5 1 0
55 88 1 2 0
3 78 3 3 0
91 57 7 8 0
81 69 8 9 0
99 79 3 6 0
40 85 4 2 0
97 0 3 5 0
19 95 0 8 0
0 73 7 3 0
38 65 3 0 0
96 87 2 0 0
33 51 5 2 0
56 72 5 9 0
8 73 6 9 0
37 11 4 2 0
89 64 8 8 0
70 81 8 8 0
37 3 2 0 0
61 58 9 0 0
94 54 0 7 0
17 84 4 7 0
58 91 9 7 0
59 12 2 2 0
80 16 0 7 0
22 24 9 9 0
0 75 2 2 0
29 0 4 9 0
98 29 8 4 0
68 74 2 3 0
14 75 5 0 0
87 29 4 2 0
46 87 5 1 0
41 57 0 2 0
25 60 9 7 0
48 26 9 4 0
6 43 5 8 0
17 13 9 7 0
71 62 7 2 0
12 75 2 1 0
70 71 6 7 0
65 9 4 5 0
25 11 8 1 0
27 79 7 6 0
52 22 8 0 0
43 65 0 3 0
24 69 0 8 0
7 50 9 4 0
1 40 2 4 0
86 17 1 2 0
37 8 8 7 0
45 96 6 3 0
54 52 8 6 0
57 45 8 2 0
5 13 1 1 0
24 38 0 5 0
23 79 1 3 0
1 21 1 5 0
44 57 2 3 0
99 72 3 4 0
54 68 2 7 0
66 18 0 5 0
21 59 9 6 0
33 92 0 4 0
54 46 5 4 0
73 93 2 0 0
31 26 1 5 0
12 64 9 8 0
87 50 7 4 0
86 93 9 2 0
99 85 4 9 0
47 3 0 0 0
12 70 6 2 0
63 51 3 4 0
0 40 5 5 0
72 58 8 1 0
26 89 9 3 0
83 41 5 4 0
14 69 6 2 0
11 59 9 1 0
74 8 9 7 0
1 73 4 4 0
53 7 7 9 0
4 23 3 5 0
86 98 8 8 0
17 77 4 7 0
36 93 4 2 0
72 2 7 8 0
34 67 6 8 0
43 43 4 8 0
29 37 8 8 0
48 14 5 5 0
95 69 2 9 0
92 32 2 5 0
54 71 7 0 0
45 48 5 6 0
62 97 9 4 0
24 78 1 9 0
11 81 6 8 0
71 20 5 2 0
1 11 7 8 0
18 56 9 8 0
31 43 3 5 0
15 18 5 4 0
62 20 9 0 0
48 44 1 2 0
81 17 9 2 0
81 98 9 7 0
20 64 7 7 0
63 86 5 8 0
78 76 5 1 0
18 38 3 8 0
40 91 4 1 0
26 15 3 9 0
74 69 5 2 0
70 71 9 4 0
9 34 4 3 0
7 94 0 8 0
18 93 4 4 0
79 66 4 2 0
0 17 2 3 0
95 7 8 4 0
36 97 0 9 0
46 28 1 7 0
97 69 7 4 0
41 80 4 8 0
68 58 2 7 0
29 55 2 7 0
4 19 8 0 0
98 21 1 9 0
18 15 8 0 0
27 81 2 5 0
77 30 1 6 0
41 88 1 1 0
26 8 9 2 0
87 82 3 7 0
29 32 2 4 0
18 36 5 9 0
26 17 8 9 0
53 75 3 9 0
5 63 0 4 0
55 76 9 4 0
95 78 8 6 0
78 98 8 8 0
48 47 0 6 0
42 89 9 2 0
57 15 8 8 0
95 22 3 7 0
95 3 6 9 0
91 25 9 4 0
82 46 3 2 0
7 10 7 6 0
81 0 7 7 0
82 35 1 1 0
89 41 9 6 0
78 48 7 4 0
17 43 8 0 0
82 36 2 2 0
49 32 7 3 0
75 36 0 5 0
73 95 4 1 0
50 41 3 9 0
29 51 5 9 0
33 29 7 8 0
99 95 0 3 0
21 23 8 4 0
19 30 5 5 0
79 28 9 2 0
18 14 5 3 0
17 20 5 9 0
88 15 6 0 0
89 13 6 2 0
85 62 3 2 0
11 5 2 3 0
66 17 1 6 0
5 16 5 7 0
59 61 7 2 0
21 22 2 1 0
94 77 5 2 0
63 41 2 9 0
94 80 5 3 0
61 13 0 4 0
15 59 5 6 0
34 36 5 8 0
57 63 2 9 0
72 23 6 2 0
6 54 9 4 0
55 98 1 8 0
13 30 1 9 0
15 24 9 8 0
8 73 1 2 0
31 5 5 5 0
91 47 2 8 0
16 14 2 1 0
49 72 8 0 0
70 94 7 9 0
31 97 1 0 0
76 43 0 5 0
74 68 8 4 0
84 27 1 0 0
51 67 3 7 0
32 21 8 2 0
85 45 0 0 0
21 19 1 8 0
37 59 0 6 0
85 19 0 9 0
41 93 1 6 0
40 1 7 7 0
25 31 3 1 0
56 5 5 5 0
23 61 8 7 0
70 69 7 8 0
60 12 1 3 0
57 29 9 6 0
10 41 0 7 0
56 66 4 6 0
13 51 5 8 0
77 97 9 6 0
26 16 4 1 0
47 22 3 1 0
38 61 0 6 0
4 45 1 6 0
40 55 9 9 0
91 78 5 6 0
21 42 0 2 0
41 55 3 0 0
30 15 6 9 0
63 78 7 1 0
53 34 4 1 0
47 50 2 8 0
55 28 6 0 0
93 65 1 7 0
17 41 0 8 0
62 51 3 8 0
15 4 7 6 0
77 45 4 1 0
33 2 4 1 0
37 43 4 5 0
82 61 0 5 0
92 4 0 6 0
33 92 9 5 0
90 29 5 4 0
56 31 9 1 0
51 47 5 8 0
73 24 4 1 0
17 56 9 6 0
23 96 2 0 0
31 60 9 5 0
34 99 3 2 0
5 53 7 7 0
75 28 4 1 0
84 70 6 6 0
84 34 5 1 0
42 47 8 4 0
38 12 5 7 0
17 46 8 3 0
17 92 5 1 0
20 41 1 6 0
7 42 8 8 0
82 90 6 0 0
37 61 9 2 0
69 55 3 7 0
5 28 9 4 0
55 88 4 8 0
50 13 9 6 0
25 20 3 4 0
47 64 6 6 0
27 15 3 9 0
93 79 0 5 0
81 51 4 4 0
0 42 5 4 0
70 89 0 0 0
27 38 6 8 0
39 7 0 1 0
4 34 7 0 0
40 9 3 0 0
62 29 9 7 0
89 9 9 1 0
35 14 9 5 0
92 15 9 5 0
2 74 8 0 0
78 19 6 9 0
49 50 0 8 0
36 71 5 3 0
51 1 2 1 0
32 29 4 5 0
64 33 9 8 0
94 54 7 6 0
3 63 3 6 0
86 41 4 1 0
80 11 1 3 0
27 33 1 3 0
84 42 0 2 0
17 95 9 5 0
27 46 3 5 0
19 75 3 7 0
17 51 8 7 0
27 95 6 1 0
69 20 9 8 0
3 1 2 7 0
89 84 5 8 0
23 27 0 1 0
9 66 7 6 0
25 33 3 0 0
7 12 6 6 0
46 47 8 0 0
36 39 0 7 0
36 62 7 6 0
36 52 7 1 0
29 89 7 8 0
87 65 1 4 0
70 92 6 9 0
46 66 2 4 0
13 17 1 7 0
50 1 8 7 0
69 54 6 4 0
26 97 9 1 0
58 53 8 9 0
3 43 2 9 0
47 0 5 3 0
77 12 5 4 0
55 45 0 3 0
27 48 6 8 0
73 1 7 3 0
83 97 7 2 0
91 42 8 1 0
16 0 9 5 0
78 77 5 4 0
89 38 5 2 0
81 40 0 3 0
29 60 2 1 0
62 65 2 9 0
56 69 0 1 0
71 18 7 6 0
43 70 2 5 0
60 92 9 2 0
90 80 3 0 0
72 77 1 2 0
64 87 1 2 0
36 77 2 6 0
59 7 0 9 0
47 33 4 5 0
29 96 1 9 0
42 57 5 5 0
39 50 5 7 0
3 91 7 4 0
80 39 0 0 0
16 23 8 9 0
91 78 0 5 0
43 36 6 8 0
72 12 7 7 0
60 19 8 9 0
54 88 7 2 0
35 94 1 1 0
30 98 2 1 0
55 69 1 9 0
65 38 0 7 0
22 9 5 8 0
82 51 9 5 0
58 41 9 2 0
98 71 7 1 0
20 41 9 7 0
33 66 6 0 0
2 35 7 0 0
36 88 6 3 0
27 94 9 1 0
54 29 8 7 0
82 60 2 1 0
94 55 4 7 0
68 68 6 5 0
30 30 6 3 0
92 75 7 0 0
0 13 6 2 0
90 76 6 7 0
31 90 7 8 0
40 46 7 8 0
4 82 9 5 0
45 17 5 9 0
25 30 0 1 0
90 47 6 2 0
37 16 0 9 0
42 89 1 2 0
83 50 1 0 0
34 2 3 9 0
74 33 0 3 0
96 98 5 1 0
92 71 0 9 0
26 51 5 8 0
97 18 1 4 0
83 32 0 1 0
10 26 6 5 0
5 17 1 4 0
90 87 8 1 0
88 27 2 0 0
2 98 9 9 0
91 19 7 5 0
71 93 0 7 0
26 55 4 7 0
59 45 5 1 0
6 5 8 1 0
36 49 6 2 0
76 92 2 4 0
22 17 4 4 0
47 25 1 9 0
28 13 3 2 0
19 92 8 7 0
14 43 3 9 0
4 18 7 0 0
58 0 4 8 0
44 24 0 3 0
36 35 2 7 0
83 12 9 7 0
46 80 5 4 0
11 36 1 2 0
37 18 1 7 0
36 31 1 7 0
15 58 5 4 0
3 2 7 6 0
44 72 6 8 0
99 62 7 8 0
31 12 0 3 0
67 79 3 9 0
5 15 5 4 0
77 95 4 5 0
62 22 8 3 0
85 25 5 8 0
68 44 9 3 0
93 48 8 5 0
68 29 4 9 0
74 80 2 0 0
53 3 8 9 0
31 29 5 6 0
23 23 2 6 0
90 94 0 6 0
0 33 1 9 0
57 74 5 7 0
34 95 8 9 0
36 6 8 6 0
60 40 9 6 0
89 26 0 1 0
70 68 4 5 0
79 98 4 0 0
48 44 0 3 0
3 94 3 8 0
55 26 6 8 0
50 82 9 5 0
21 54 6 2 0
87 31 7 2 0
96 61 9 9 0
50 36 9 2 0
80 56 3 8 0
16 11 4 5 0
80 42 1 4 0
18 17 8 2 0
75 96 6 0 0
17 70 0 4 0
78 9 5 6 0
17 23 1 4 0
46 14 4 4 0
83 31 6 1 0
63 8 2 8 0
32 1 6 9 0
88 44 0 9 0
75 89 6 6 0
87 20 7 8 0
18 24 2 4 0
85 34 2 9 0
28 83 2 0 0
62 87 3 0 0
48 73 1 5 0
93 84 5 0 0
79 58 8 9 0
71 94 1 7 0
47 44 0 4 0
15 49 5 7 0
43 34 4 1 0
31 81 8 1 0
83 85 4 9 0
44 66 9 9 0
69 92 9 6 0
48 16 3 9 0
98 67 8 9 0
44 9 6 1 0
39 1 7 2 0
1 70 4 5 0
26 85 7 2 0
80 30 9 2 0
87 50 7 3 0
14 73 0 2 0
36 3 6 8 0
20 40 0 6 0
86 80 2 8 0
83 34 8 2 0
33 77 5 4 0
67 48 8 9 0
91 6 1 4 0
35 35 4 8 0
64 96 1 4 0
83 79 3 7 0
83 6 9 7 0
32 87 6 3 0
46 96 9 6 0
11 64 3 9 0
81 19 3 7 0
12 2 4 5 0
39 67 2 3 0
42 40 4 5 0
88 39 1 7 0
52 43 7 0 0
50 24 4 0 0
88 19 4 7 0
35 25 5 5 0
94 56 3 3 0
46 40 0 8 0
6 89 5 2 0
79 90 9 3 0
64 63 4 4 0
38 18 6 7 0
31 99 2 2 0
22 42 4 6 0
71 0 9 4 0
93 14 3 3 0
15 99 5 0 0
26 8 1 8 0
34 39 5 4 0
56 8 0 1 0
46 89 6 8 0
83 30 0 2 0
51 69 2 3 0
53 43 7 6 0
28 48 7 9 0
2 59 7 8 0
92 23 0 0 0
62 26 5 5 0
31 87 5 2 0
26 69 2 4 0
12 67 7 7 0
96 96 0 6 0
66 30 9 4 0
98 14 6 5 0
5 68 9 1 0
31 22 6 1 0
23 31 1 1 0
29 85 0 1 0
17 67 4 5 0
92 63 2 2 0
34 69 4 5 0
40 0 4 2 0
69 0 8 6 0
86 52 5 6 0
39 92 9 7 0
76 68 6 2 0
95 55 6 7 0
9 92 2 7 0
38 58 0 3 0
98 81 9 8 0
18 61 2 8 0
38 69 9 0 0
82 54 3 6 0
50 16 5 7 0
80 37 4 8 0
4 66 2 0 0
86 17 9 4 0
66 28 2 8 0
8 4 8 3 0
38 84 0 4 0
56 20 6 6 0
31 85 8 3 0
86 75 9 6 0
36 9 0 3 0
51 27 9 6 0
81 98 9 8 0
64 72 6 2 0
39 92 2 6 0
70 10 5 2 0
79 53 7 4 0
1 14 3 3 0
55 95 3 0 0
81 25 2 9 0
59 3 5 9 0
36 1 1 0 0
88 96 6 6 0
59 34 9 5 0
91 86 6 6 0
97 39 8 3 0
58 90 3 6 0
77 30 4 0 0
73 56 9 3 0
94 72 1 0 0
71 15 2 2 0
1 42 6 7 0
44 66 7 3 0
25 41 4 8 0
9 13 1 6 0
40 28 3 0 0
44 43 4 1 0
42 39 3 8 0
59 90 8 9 0
47 58 1 7 0
45 13 4 3 0
20 80 7 0 0
49 36 8 9 0
69 5 9 2 0
27 54 7 3 0
49 89 0 8 0
69 92 3 3 0
29 31 3 8 0
35 31 1 1 0
91 46 5 7 0
72 71 8 3 0
57 84 6 2 0
7 52 6 0 0
80 36 7 3 0
93 70 1 1 0
65 68 8 9 0
72 23 1 5 0
16 75 0 6 0
59 94 5 2 0
51 66 2 9 0
77 40 5 2 0
74 91 5 5 0
6 5 4 0 0
75 29 0 0 0
73 81 5 0 0
30 66 5 9 0
74 67 9 3 0
15 85 0 6 0
81 33 9 3 0
7 68 0 7 0
46 14 5 0 0
8 12 1 5 0
80 98 8 8 0
47 22 4 0 0
81 99 8 3 0
49 51 1 6 0
7 15 8 0 0
26 31 1 1 0
63 21 1 3 0
4 55 0 5 0
3 80 5 3 0
12 75 8 1 0
32 2 7 5 0
51 65 9 9 0
26 18 2 4 0
1 3 0 5 0
65 29 0 7 0
37 11 3 2 0
47 82 9 3 0
46 74 7 6 0
94 60 7 8 0
44 91 6 4 0
33 65 8 2 0
41 93 3 6 0
66 71 8 2 0
90 7 4 3 0
71 64 6 4 0
18 8 2 2 0
98 98 8 8 0
49 42 4 1 0
45 81 2 0 0
56 45 9 5 0
91 34 7 5 0
22 50 2 0 0
4 44 9 8 0
51 26 1 9 0
53 94 7 9 0
48 66 7 3 0
64 99 5 0 0
76 0 5 0 0
50 94 6 5 0
53 91 9 4 0
28 93 8 4 0
36 30 4 5 0
50 37 0 0 0
49 85 8 6 0
19 79 3 9 0
11 20 7 5 0
96 50 8 3 0
73 85 7 2 0
52 85 0 2 0
56 64 8 4 0
89 61 2 6 0
60 26 5 2 0
71 87 0 4 0
7 34 9 7 0
64 70 8 5 0
54 62 9 3 0
58 2 2 8 0
70 83 1 3 0
2 16 0 5 0
6 17 5 9 0
0 91 4 8 0
52 43 7 8 0
93 29 8 0 0
70 72 6 8 0
21 14 8 4 0
7 80 2 4 0
61 31 5 9 0
47 88 3 1 0
55 52 8 0 0
41 26 1 7 0
2 94 2 6 0
85 66 2 1 0
62 65 0 6 0
11 43 3 0 0
3 18 4 4 0
9 56 2 9 0
97 30 1 1 0
89 13 7 1 0
20 43 6 2 0
70 88 3 6 0
0 72 2 4 0
14 64 5 2 0
24 98 5 1 0
29 97 5 8 0
85 40 3 2 0
98 90 8 5 0
57 57 4 2 0
44 73 8 3 0
81 79 7 7 0
41 79 7 9 0
19 65 8 5 0
90 45 5 1 0
24 63 4 2 0
61 8 1 9 0
49 63 5 8 0
83 24 6 5 0
39 25 6 1 0
51 47 2 2 0
39 88 4 3 0
92 32 9 4 0
64 56 9 6 0
60 54 1 9 0
98 25 3 3 0
69 32 9 6 0
91 76 5 6 0
12 38 6 5 0
28 58 3 9 0
82 64 9 5 0
55 53 3 8 0
84 62 6 1 0
94 72 9 8 0
63 59 9 7 0
28 84 3 4 0
93 46 6 1 0
16 52 2 6 0
8 80 1 4 0
3 2 3 6 0
94 62 8 5 0
98 11 6 1 0
86 78 9 6 0
56 80 0 5 0
12 9 8 1 0
4 76 0 4 0
57 8 0 8 0
71 75 9 9 0
81 88 4 0 0
87 92 1 5 0
60 92 8 7 0
94 9 1 7 0
34 42 2 2 0
13 47 9 8 0
53 17 0 8 0
67 87 4 5 0
66 81 5 4 0
63 17 5 2 0
94 27 6 2 0
42 98 0 9 0
22 12 3 3 0
49 42 7 5 0
61 9 2 8 0
49 98 5 0 0
71 50 6 1 0
48 87 4 4 0
41 7 1 1 0
69 39 9 0 0
99 94 4 9 0
6 74 4 4 0
93 64 0 4 0
0 95 9 0 0
66 73 7 4 0
47 31 8 1 0
95 52 1 8 0
64 84 8 2 0
92 12 2 8 0
60 74 8 7 0
21 19 0 0 0
29 30 0 1 0
24 81 7 7 0
52 12 2 7 0
55 7 2 7 0
1 59 9 1 0
97 35 3 1 0
23 53 9 4 0
49 15 6 6 0
52 40 3 5 0
47 64 5 0 0
83 47 1 6 0
52 43 3 7 0
48 8 1 6 0
76 41 0 1 0
96 77 4 5 0
57 72 9 0 0
4 6 8 9 0
2 4 5 3 0
75 25 8 6 0
95 56 3 7 0
65 26 9 7 0
15 59 9 0 0
77 5 3 7 0
98 19 6 4 0
35 66 9 9 0
10 17 9 8 0
67 93 1 0 0
42 65 3 3 0
10 80 3 7 0
10 25 4 4 0
77 53 0 8 0
78 46 8 4 0
4 90 2 9 0
11 3 1 0 0
5 19 5 1 0
53 0 1 2 0
6 20 6 4 0
44 72 4 6 0
88 54 6 7 0
0 10 6 5 0
23 56 7 7 0
30 14 1 6 0
95 16 3 2 0
40 36 5 6 0
9 92 8 0 0
24 62 8 3 0
34 68 0 2 0
8 92 7 7 0
77 54 9 1 0
21 14 4 0 0
78 43 0 1 0
71 49 0 7 0
29 97 9 3 0
39 29 4 3 0
81 37 3 3 0
89 53 0 1 0
93 28 5 3 0
59 65 2 3 0
81 85 1 3 0
55 90 2 3 0
75 59 9 6 0
14 77 3 0 0
95 19 2 4 0
45 91 1 1 0
7 35 3 5 0
96 75 0 6 0
59 31 0 4 0
31 46 7 4 0
13 13 2 6 0
17 18 8 5 0
89 66 3 2 0
75 81 6 8 0
46 85 0 8 0
81 78 9 9 0
31 72 0 8 0
0 43 5 9 0
33 22 0 6 0
28 84 2 6 0
65 24 0 0 0
91 19 5 9 0
47 9 3 2 0
15 17 0 4 0
71 25 6 7 0
92 28 0 2 0
47 39 0 6 0
84 31 6 7 0
94 33 3 2 0
29 6 2 4 0
36 27 8 6 0
60 76 7 9 0
2 14 5 9 0
50 65 6 8 0
21 9 5 6 0
34 35 7 8 0
74 8 0 0 0
97 0 8 9 0
27 25 2 7 0
77 32 6 9 0
53 37 1 1 0
71 57 1 6 0
28 12 6 1 0
51 82 0 8 0
89 68 7 9 0
96 27 7 8 0
20 15 5 0 0
32 20 7 5 0
8 52 4 2 0
53 97 5 6 0
54 60 7 1 0
50 55 8 7 0
83 32 7 1 0
19 94 8 2 0
75 39 8 8 0
44 49 1 1 0
82 17 1 3 0
95 44 0 5 0
86 52 3 9 0
31 81 3 9 0
88 25 7 5 0
0 44 5 1 0
92 7 3 1 0
58 12 6 2 0
75 40 7 2 0
8 46 6 4 0
8 24 2 4 0
27 72 1 8 0
11 64 7 9 0
71 75 9 2 0
76 94 0 1 0
39 8 6 4 0
19 72 8 5 0
26 98 9 4 0
49 46 4 0 0
39 49 5 5 0
61 74 0 8 0
62 68 8 6 0
1 18 8 1 0
62 60 2 2 0
11 65 8 3 0
18 22 2 4 0
81 89 4 5 0
38 1 3 8 0
99 15 1 6 0
92 52 8 7 0
2 92 3 5 0
98 1 9 8 0
12 99 4 6 0
56 68 3 9 0
17 34 9 1 0
19 50 1 2 0
73 24 0 9 0
46 70 7 2 0
84 78 6 9 0
30 67 6 0 0
65 71 7 8 0
24 48 9 8 0
30 16 7 3 0
20 49 0 9 0
96 73 4 3 0
63 97 4 7 0
60 23 9 9 0
81 35 4 0 0
83 93 2 4 0
43 0 5 2 0
14 13 5 6 0
42 53 7 0 0
38 21 1 0 0
4 50 5 0 0
62 31 6 0 0
20 63 5 3 0
46 37 9 2 0
97 70 9 3 0
84 26 4 5 0
97 78 8 6 0
88 48 5 3 0
27 85 4 4 0
87 20 4 6 0
36 44 2 7 0
10 55 0 0 0
34 35 6 8 0
9 14 0 5 0
88 55 2 1 0
99 7 0 0 0
14 51 4 6 0
9 28 7 5 0
43 46 4 0 0
71 48 5 3 0
84 19 1 6 0
30 29 8 5 0
28 12 0 7 0
19 15 0 7 0
93 54 9 2 0
34 1 6 7 0
68 61 8 4 0
13 30 4 7 0
92 66 1 1 0
64 36 5 5 0
83 68 6 2 0
75 6 4 0 0
96 68 6 3 0
95 56 4 6 0
38 59 6 5 0
1 82 7 6 0
37 63 8 1 0
64 77 0 0 0
52 3 6 1 0
6 92 3 2 0
19 7 8 1 0
36 86 7 6 0
21 34 0 0 0
75 87 3 4 0
23 24 6 7 0
52 26 0 2 0
1 63 3 4 0
60 35 5 7 0
18 0 0 5 0
56 51 4 0 0
63 9 8 2 0
16 47 2 2 0
14 94 4 3 0
29 32 7 3 0
43 20 5 0 0
9 0 6 3 0
80 73 1 6 0
60 42 0 1 0
52 19 2 7 0
94 88 6 1 0
36 35 0 4 0
45 56 9 4 0
48 97 6 2 0
97 27 7 7 0
54 63 2 9 0
91 52 3 5 0
85 32 8 5 0
69 54 3 3 0
25 47 0 9 0
58 62 7 7 0
57 11 2 8 0
31 22 4 4 0
57 95 4 9 0
1 27 0 5 0
68 3 8 6 0
20 29 0 9 0
26 76 3 9 0
38 60 3 7 0
1 80 1 9 0
96 42 0 3 0
10 1 7 4 0
6 52 7 9 0
75 90 1 4 0
65 74 7 4 0
50 37 7 1 0
98 80 0 4 0
41 83 2 0 0
97 24 2 2 0
73 54 4 9 0
4 35 9 1 0
97 97 4 1 0
85 40 5 2 0
10 63 5 9 0
35 6 3 0 0
61 85 6 5 0
85 68 9 3 0
51 9 1 3 0
98 62 6 8 0
77 56 4 0 0
2 14 4 4 0
84 6 2 8 0
9 25 6 6 0
63 90 2 0 0
24 19 3 6 0
71 26 9 2 0
27 52 2 6 0
80 76 1 6 0
18 83 8 2 0
14 9 5 5 0
33 30 6 7 0
15 46 8 8 0
59 18 1 3 0
27 35 0 1 0
4 60 5 7 0
81 72 4 6 0
10 80 4 3 0
13 90 6 7 0
79 95 9 8 0
62 55 5 4 0
58 49 8 1 0
89 93 7 6 0
71 51 1 0 0
10 71 7 1 0
65 81 9 4 0
82 56 2 1 0
83 92 1 2 0
71 36 8 0 0
11 68 1 9 0
92 84 4 9 0
89 25 0 2 0
90 23 7 2 0
12 39 7 1 0
10 15 5 5 0
95 94 3 9 0
1 68 5 1 0
31 58 1 1 0
13 23 5 6 0
91 90 4 5 0
78 24 5 4 0
59 45 9 2 0
52 31 3 1 0
3 51 2 9 0
73 49 9 9 0
48 28 7 7 0
66 26 0 1 0
18 73 0 3 0
58 96 8 2 0
35 18 1 7 0
92 0 4 8 0
83 64 0 4 0
14 50 2 4 0
58 46 4 8 0
56 86 4 5 0
42 41 8 6 0
61 96 6 1 0
24 34 2 0 0
82 52 3 1 0
90 8 3 5 0
6 41 1 8 0
86 6 7 8 0
35 45 5 0 0
21 49 4 0 0
10 4 9 2 0
38 93 9 8 0
62 23 4 2 0
0 77 2 6 0
85 67 6 9 0
41 95 5 8 0
91 12 1 7 0
70 62 9 4 0
5 78 4 6 0
4 33 4 7 0
26 54 4 6 0
99 90 9 9 0
87 41 4 2 0
31 78 8 4 0
7 56 8 0 0
85 71 4 5 0
53 52 4 3 0
27 76 2 2 0
36 31 4 2 0
7 97 0 4 0
15 98 2 5 0
25 90 2 0 0
69 38 1 7 0
26 9 1 6 0
75 78 6 5 0
14 13 8 7 0
16 15 0 1 0
17 32 8 0 0
74 65 7 5 0
16 85 0 5 0
53 81 4 9 0
87 13 1 6 0
84 3 5 8 0
77 23 6 2 0
20 59 1 7 0
21 83 1 6 0
48 0 3 3 0
27 57 9 1 0
93 16 9 2 0
26 1 4 1 0
50 44 7 4 0
50 30 0 3 0
5 71 8 4 0
24 65 8 8 0
17 41 1 3 0
20 22 3 9 0
11 98 4 5 0
10 93 6 3 0
83 43 8 1 0
3 78 5 0 0
96 43 2 2 0
25 68 8 9 0
78 37 1 6 0
30 38 6 0 0
0 13 2 7 0
74 62 5 0 0
44 63 4 0 0
93 79 7 2 0
11 18 0 3 0
29 31 1 9 0
51 7 0 2 0
43 76 4 7 0
69 32 3 2 0
62 70 4 4 0
63 46 7 5 0
45 45 8 7 0
65 44 3 9 0
53 73 1 4 0
39 96 4 8 0
95 41 6 8 0
50 86 0 9 0
38 97 6 4 0
80 72 6 7 0
62 22 1 7 0
78 40 4 1 0
71 45 1 1 0
48 50 9 2 0
54 55 1 1 0
21 6 2 2 0
1 28 3 2 0
38 97 9 5 0
9 72 6 6 0
86 68 3 4 0
6 12 4 4 0
91 92 8 9 0
86 45 6 5 0
89 91 9 7 0
26 90 9 8 0
61 36 2 5 0
68 40 7 6 0
80 53 2 0 0
47 52 9 2 0
54 46 9 2 0
10 3 0 1 0
41 89 8 7 0
79 3 7 8 0
14 77 2 4 0
29 56 3 7 0
76 42 4 1 0
40 44 6 7 0
73 99 0 9 0
29 76 4 8 0
66 94 3 8 0
10 79 3 6 0
24 81 6 1 0
31 87 5 4 0
80 51 4 0 0
79 37 6 4 0
5 3 3 1 0
96 5 3 9 0
18 41 1 7 0
5 98 9 7 0
19 70 8 2 0
64 73 3 8 0
56 15 2 5 0
8 69 5 8 0
88 96 6 6 0
43 13 8 6 0
51 81 3 5 0
12 71 2 3 0
84 86 0 3 0
82 4 8 2 0
29 62 3 2 0
35 47 7 7 0
85 13 0 0 0
28 64 2 7 0
94 96 8 7 0
67 7 6 7 0
75 96 8 3 0
60 87 8 1 0
62 48 3 6 0
90 36 1 0 0
39 69 2 3 0
45 24 2 3 0
41 13 3 6 0
5 99 9 6 0
50 14 0 2 0
74 69 2 5 0
68 56 7 0 0
71 2 0 3 0
64 10 4 1 0
58 53 4 0 0
72 84 9 5 0
12 52 8 5 0
76 22 0 9 0
64 43 4 3 0
4 29 4 0 0
12 62 1 8 0
48 42 2 7 0
65 58 5 9 0
79 57 4 4 0
59 48 6 2 0
40 89 4 7 0
76 74 9 8 0
77 78 2 2 0
12 47 7 2 0
81 64 4 5 0
56 71 9 6 0
97 97 6 4 0
46 35 2 9 0
29 41 3 1 0
19 22 5 7 0
72 51 9 3 0
68 63 9 6 0
0 96 6 1 0
43 52 5 7 0
64 56 9 9 0
82 26 7 9 0
99 86 2 7 0
29 10 7 8 0
1 87 4 0 0
33 62 8 8 0
69 75 7 2 0
13 27 9 6 0
6 79 9 4 0
47 55 3 9 0
94 52 2 5 0
76 11 6 9 0
48 36 0 9 0
39 73 2 5 0
7 38 5 2 0
62 4 2 7 0
17 6 5 4 0
46 2 3 8 0
56 67 4 5 0
67 57 6 7 0
38 52 7 4 0
92 54 0 6 0
76 79 7 4 0
31 57 6 4 0
28 76 8 5 0
85 13 3 2 0
64 36 0 2 0
32 15 3 1 0
57 35 4 1 0
68 84 9 1 0
49 19 9 8 0
7 71 0 6 0
58 77 9 2 0
98 77 6 6 0
82 84 9 4 0
76 46 5 9 0
39 64 4 5 0
3 63 4 8 0
85 65 7 6 0
0 73 9 0 0
98 47 7 5 0
2 70 5 8 0
45 15 8 4 0
59 53 5 6 0
98 39 0 7 0
52 71 1 5 0
66 98 8 1 0
8 0 4 9 0
89 28 3 6 0
92 82 6 6 0
42 94 0 1 0
43 25 7 0 0
94 9 2 6 0
75 7 1 2 0
50 26 8 6 0
30 57 0 7 0
31 15 0 1 0
58 8 1 6 0
68 56 6 8 0
92 43 7 1 0
45 38 0 7 0
75 25 8 2 0
78 54 1 6 0
6 51 7 5 0
11 58 5 6 0
36 16 5 0 0
89 59 3 0 0
37 39 7 2 0
61 48 6 8 0
0 52 1 1 0
22 80 8 2 0
47 99 2 0 0
56 68 8 3 0
27 13 2 6 0
7 65 5 9 0
59 23 4 1 0
27 82 5 3 0
89 80 7 2 0
44 4 5 5 0
69 99 5 0 0
31 40 1 6 0
77 2 1 4 0
87 72 1 0 0
56 65 3 2 0
28 50 9 1 0
83 69 0 5 0
8 57 9 8 0
77 92 3 8 0
34 7 0 2 0
21 93 8 8 0
21 56 2 4 0
41 11 2 4 0
58 5 2 4 0
73 95 2 7 0
29 90 6 0 0
45 92 7 7 0
41 80 0 9 0
91 88 9 7 0
93 94 0 9 0
43 44 8 0 0
44 65 1 9 0
2 40 4 8 0
59 17 3 8 0
30 77 8 5 0
85 41 6 0 0
13 15 9 2 0
23 8 9 3 0
98 86 2 7 0
52 41 5 2 0
38 24 6 2 0
58 98 7 4 0
36 78 6 2 0
42 61 5 0 0
42 18 7 8 0
83 53 8 3 0
45 53 0 2 0
10 97 6 4 0
20 33 4 8 0
92 24 1 4 0
99 27 3 5 0
6 18 2 5 0
93 44 3 3 0
58 72 5 2 0
51 76 4 9 0
18 2 4 2 0
30 10 8 5 0
90 47 4 4 0
56 80 4 1 0
44 80 0 3 0
2 23 5 1 0
98 77 0 9 0
79 59 7 6 0
2 16 2 3 0
74 26 0 7 0
3 91 9 8 0
54 81 5 9 0
64 37 9 2 0
2 79 7 6 0
20 48 0 9 0
65 16 8 4 0
24 13 3 4 0
34 89 2 9 0
35 88 2 4 0
77 71 9 9 0
93 57 1 2 0
87 97 8 5 0
10 6 0 6 0
14 81 9 1 0
60 98 2 3 0
46 16 1 2 0
24 1 0 3 0
9 86 5 5 0
61 11 4 7 0
54 4 7 8 0
9 67 2 4 0
4 88 4 3 0
78 99 8 5 0
6 30 3 8 0
94 96 6 0 0
90 42 1 4 0
5 43 8 7 0
52 49 7 0 0
30 33 8 3 0
10 13 2 0 0
65 78 0 4 0
80 16 8 3 0
21 67 7 1 0
74 51 6 7 0
68 38 5 2 0
88 98 8 7 0
19 5 8 2 0
42 90 2 6 0
16 97 0 9 0
24 18 7 7 0
23 17 4 1 0
43 46 4 7 0
20 45 9 5 0
41 99 6 9 0
69 26 3 6 0
5 84 6 9 0
38 74 6 6 0
75 16 6 5 0
51 83 8 3 0
0 84 9 3 0
54 70 9 8 0
28 16 6 5 0
44 30 4 1 0
31 58 8 9 0
44 55 7 9 0
29 77 6 2 0
89 24 5 5 0
21 70 6 1 0
39 52 8 7 0
13 71 2 8 0
29 72 8 4 0
51 73 0 9 0
55 21 8 6 0
85 43 7 8 0
87 49 9 2 0
99 56 2 9 0
85 14 3 7 0
91 90 9 2 0
91 0 1 7 0
92 1 3 6 0
84 98 8 0 0
5 65 2 9 0
83 76 1 5 0
30 33 1 2 0
95 73 9 7 0
73 93 6 7 0
80 0 0 8 0
14 21 0 4 0
14 76 7 1 0
79 27 1 4 0
65 11 8 6 0
0 64 2 6 0
13 56 9 6 0
81 2 1 2 0
11 50 0 2 0
64 34 9 0 0
88 40 9 6 0
54 13 4 0 0
10 37 8 5 0
87 87 1 3 0
82 85 9 7 0
41 73 7 5 0
41 37 1 4 0
65 26 0 6 0
7 26 4 5 0
72 95 2 4 0
45 99 9 7 0
78 55 5 4 0
93 28 1 6 0
38 7 6 8 0
69 2 1 9 0
27 33 5 3 0
33 21 0 6 0
44 72 5 2 0
43 32 3 4 0
22 98 3 7 0
69 9 2 9 0
73 66 4 5 0
38 75 3 3 0
41 56 0 2 0
34 68 8 7 0
41 30 3 4 0
10 50 2 4 0
18 25 8 1 0
98 58 9 4 0
85 99 5 1 0
33 78 4 7 0
90 41 9 5 0
95 15 9 8 0
28 88 9 5 0
57 49 5 0 0
13 67 0 6 0
69 94 8 5 0
64 15 4 7 0
8 65 2 3 0
72 88 6 5 0
47 10 0 8 0
58 49 2 7 0
16 58 4 6 0
19 16 5 9 0
80 26 6 5 0
24 4 5 6 0
43 34 4 2 0
40 2 6 5 0
39 99 6 0 0
90 69 3 4 0
94 71 4 5 0
76 38 0 1 0
52 3 8 5 0
61 91 6 2 0
57 1 3 0 0
4 95 8 7 0
1 97 6 7 0
62 0 9 0 0
11 86 5 1 0
94 55 8 3 0
31 11 6 5 0
15 78 0 6 0
66 95 6 7 0
72 67 2 9 0
66 47 2 7 0
77 75 3 5 0
0 43 5 0 0
26 52 8 8 0
93 25 0 5 0
0 14 1 6 0
2 34 7 0 0
28 90 9 9 0
28 75 1 1 0
41 84 7 0 0
66 18 0 7 0
94 48 1 1 0
85 64 7 8 0
64 80 5 7 0
77 41 4 4 0
70 9 8 9 0
73 59 9 4 0
7 39 3 3 0
40 1 1 7 0
96 96 9 0 0
36 54 8 6 0
73 6 2 5 0
6 80 4 0 0
70 75 1 4 0
69 19 5 2 0
38 38 5 0 0
10 71 3 9 0
97 48 4 1 0
20 0 3 4 0
4 7 0 1 0
23 89 0 5 0
40 17 8 0 0
30 73 6 5 0
7 62 0 6 0
46 60 9 8 0
20 12 7 0 0
45 20 5 2 0
5 20 2 9 0
92 38 9 1 0
10 32 0 8 0
69 98 3 8 0
98 16 8 4 0
36 64 3 2 0
54 67 2 7 0
96 25 6 3 0
39 66 8 2 0
75 99 6 1 0
45 23 4 4 0
8 27 9 3 0
49 73 1 1 0
30 42 9 1 0
58 4 1 5 0
99 35 3 8 0
83 33 5 2 0
5 99 0 0 0
13 75 5 8 0
92 48 5 7 0
28 64 2 3 0
75 5 3 2 0
77 69 2 2 0
59 44 0 1 0
45 37 3 8 0
71 64 7 0 0
83 11 2 5 0
58 19 7 7 0
24 60 7 1 0
77 26 8 9 0
29 78 6 8 0
96 48 5 8 0
63 99 8 0 0
3 20 6 2 0
98 30 2 2 0
90 41 0 3 0
48 1 4 3 0
48 94 8 1 0
32 62 5 5 0
12 84 6 3 0
53 99 8 3 0
77 36 5 5 0
39 51 0 6 0
68 38 1 5 0
30 11 9 1 0
44 55 7 9 0
31 81 9 7 0
28 49 7 9 0
75 88 1 7 0
58 67 9 3 0
88 59 9 5 0
9 46 2 3 0
95 17 9 6 0
73 33 8 7 0
22 18 7 6 0
62 11 6 1 0
3 83 3 9 0
75 15 6 2 0
18 60 2 1 0
89 36 6 4 0
39 5 0 9 0
32 73 1 6 0
43 47 9 8 0
67 95 0 6 0
84 35 7 9 0
59 19 9 7 0
59 4 7 9 0
26 82 9 1 0
8 53 6 5 0
94 73 5 4 0
77 33 1 5 0
56 81 0 8 0
65 97 3 0 0
24 38 3 9 0
32 31 8 5 0
21 41 6 3 0
51 1 9 6 0
86 30 7 9 0
54 67 1 4 0
52 11 1 1 0
8 54 7 8 0
38 51 2 0 0
91 55 0 4 0
65 63 2 7 0
93 31 6 3 0
93 66 9 1 0
33 81 6 6 0
6 8 4 0 0
97 38 3 6 0
9 36 2 8 0
77 9 1 2 0
18 83 1 3 0
94 5 1 9 0
77 4 7 6 0
29 91 7 4 0
10 8 3 9 0
39 80 5 1 0
34 63 3 5 0
0 28 1 9 0
10 88 1 0 0
90 36 8 5 0
5 80 5 0 0
81 20 2 4 0
26 33 5 3 0
50 65 1 4 0
52 90 2 6 0
44 94 3 0 0
45 34 4 2 0
21 31 4 8 0
90 21 8 2 0
59 1 7 4 0
1 98 2 5 0
13 36 7 8 0
54 1 6 7 0
88 13 2 4 0
19 25 4 6 0
18 46 8 9 0
51 57 3 7 0
6 47 4 0 0
59 51 0 2 0
99 41 1 1 0
63 4 6 7 0
40 66 6 4 0
87 47 7 4 0
75 78 0 2 0
17 45 1 0 0
76 16 0 3 0
98 43 9 5 0
27 40 4 8 0
7 90 6 7 0
92 1 9 3 0
56 52 9 1 0
24 17 7 9 0
61 99 3 1 0
81 93 8 9 0
51 58 7 0 0
24 41 2 2 0
36 40 5 6 0
33 10 6 2 0
35 64 5 8 0
36 9 0 0 0
34 81 0 8 0
88 53 0 2 0
28 67 7 8 0
96 23 2 7 0
75 1 9 9 0
85 88 3 1 0
84 60 5 0 0
66 38 5 7 0
33 11 2 0 0
39 61 9 4 0
43 76 8 3 0
82 94 5 6 0
84 60 9 0 0
71 95 4 5 0
26 60 3 2 0
73 61 0 0 0
88 99 3 0 0
91 95 0 0 0
78 88 3 7 0
43 62 0 1 0
97 35 1 2 0
13 46 2 5 0
18 35 0 6 0
9 22 6 2 0
88 59 4 0 0
21 18 8 9 0
91 29 3 0 0
73 42 0 2 0
87 52 6 7 0
32 23 1 8 0
9 22 8 0 0
23 12 4 1 0
44 38 3 1 0
70 6 4 1 0
69 85 2 1 0
18 24 0 4 0
90 5 5 1 0
26 74 9 4 0
55 86 9 3 0
17 37 4 0 0
40 2 9 8 0
47 52 4 5 0
34 73 6 7 0
36 62 8 9 0
85 80 8 1 0
19 21 5 2 0
26 16 1 5 0
44 93 5 5 0
5 38 2 9 0
38 26 0 9 0
20 49 5 2 0
8 69 6 4 0
10 13 9 4 0
14 2 6 5 0
84 73 3 9 0
79 55 8 4 0
89 64 5 6 0
88 68 3 5 0
21 35 8 7 0
60 0 5 9 0
93 85 8 4 0
77 66 2 1 0
47 53 6 0 0
38 70 1 4 0
71 97 4 7 0
91 89 5 8 0
72 70 0 4 0
78 88 6 9 0
94 65 8 9 0
76 84 9 2 0
36 52 1 6 0
8 4 7 4 0
48 93 7 7 0
30 1 7 8 0
67 16 7 0 0
23 41 8 2 0
46 70 3 7 0
1 65 6 4 0
81 58 6 2 0
93 6 0 3 0
50 52 7 9 0
31 55 6 7 0
61 36 1 4 0
0 30 9 8 0
87 26 1 8 0
19 1 8 3 0
7 51 4 6 0
64 24 2 3 0
22 5 4 5 0
23 37 6 2 0
89 63 5 8 0
10 40 8 3 0
84 9 3 6 0
97 81 0 6 0
23 96 8 8 0
41 2 5 3 0
47 92 1 8 0
55 45 1 2 0
30 14 9 6 0
19 61 7 6 0
53 76 7 3 0
54 25 4 2 0
31 24 6 6 0
33 59 5 7 0
24 52 8 1 0
49 57 9 0 0
89 73 0 1 0
59 11 4 2 0
45 50 5 1 0
18 95 5 1 0
21 57 8 0 0
1 95 8 9 0
4 71 9 2 0
9 25 9 0 0
69 48 2 7 0
79 84 6 0 0
33 65 3 1 0
42 28 4 3 0
60 68 1 9 0
43 0 3 1 0
11 38 2 2 0
10 95 2 5 0
51 37 8 7 0
77 53 7 4 0
57 24 9 7 0
85 55 7 0 0
65 67 6 7 0
60 7 4 0 0
17 68 6 1 0
40 93 8 1 0
44 67 0 4 0
38 75 6 3 0
51 97 2 9 0
46 92 9 6 0
18 5 0 5 0
45 25 4 0 0
67 30 9 9 0
81 21 1 1 0
35 45 8 0 0
71 13 6 3 0
72 26 0 0 0
86 22 9 5 0
68 85 5 0 0
89 36 0 1 0
10 37 7 8 0
76 14 2 4 0
61 6 1 3 0
58 87 6 9 0
52 47 4 8 0
63 3 2 0 0
58 71 3 3 0
2 11 1 2 0
39 15 1 7 0
10 52 1 1 0
32 91 2 8 0
83 24 3 8 0
94 51 3 7 0
25 5 5 0 0
95 96 0 3 0
13 64 0 7 0
51 54 5 8 0
71 7 1 9 0
74 14 7 2 0
45 83 9 0 0
85 28 6 0 0
64 8 6 4 0
67 42 9 8 0
13 10 3 3 0
59 75 7 7 0
54 38 1 3 0
14 53 9 3 0
38 38 8 1 0
88 93 6 3 0
66 40 9 1 0
74 33 0 0 0
20 81 0 5 0
77 51 6 6 0
32 17 8 7 0
95 65 8 2 0
82 50 3 6 0
79 9 5 5 0
5 98 3 6 0
60 20 4 1 0
70 83 2 4 0
15 53 3 9 0
1 8 3 1 0
5 94 0 7 0
63 26 5 7 0
43 70 9 6 0
75 36 7 5 0
67 85 6 3 0
48 92 0 0 0
67 16 1 1 0
44 60 2 4 0
54 38 5 2 0
62 80 2 6 0
38 6 1 2 0
28 84 3 3 0
97 13 2 7 0
73 60 4 7 0
81 8 0 2 0
66 26 5 7 0
57 67 4 9 0
26 68 0 9 0
11 25 0 4 0
78 61 6 9 0
15 76 6 0 0
39 46 5 9 0
77 77 3 8 0
3 22 6 7 0
29 21 0 2 0
25 77 4 6 0
76 12 6 4 0
20 32 7 3 0
34 87 6 5 0
51 82 4 2 0
4 81 6 4 0
87 38 2 5 0
72 51 0 9 0
73 82 1 8 0
19 56 5 9 0
3 76 6 2 0
25 47 3 6 0
5 10 5 4 0
27 8 1 6 0
42 9 5 9 0
59 5 6 7 0
80 35 3 1 0
25 22 1 2 0
77 26 9 4 0
32 59 6 6 0
8 14 9 9 0
29 63 9 2 0
74 61 9 4 0
27 33 8 3 0
85 24 1 8 0
7 61 6 6 0
73 73 2 6 0
51 93 5 3 0
24 15 1 3 0
11 9 2 3 0
43 15 1 1 0
58 13 4 7 0
70 92 6 1 0
61 98 7 5 0
18 83 3 2 0
55 17 3 9 0
57 5 4 7 0
14 83 8 6 0
22 4 4 8 0
44 76 8 5 0
18 81 3 3 0
67 55 3 2 0
16 71 4 6 0
55 4 9 2 0
64 16 7 7 0
86 98 7 4 0
35 1 9 6 0
87 75 0 8 0
44 73 2 1 0
63 54 1 9 0
73 1 8 4 0
84 78 8 0 0
35 4 6 2 0
7 40 1 2 0
93 68 8 6 0
17 77 5 2 0
91 42 0 5 0
38 32 1 6 0
98 29 5 1 0
3 26 2 1 0
59 80 2 2 0
26 25 1 0 0
81 73 8 3 0
23 55 1 5 0
24 89 0 2 0
73 53 2 4 0
75 77 0 2 0
96 92 6 0 0
36 5 4 3 0
52 7 7 6 0
38 22 6 8 0
38 97 3 4 0
40 75 4 5 0
76 9 6 9 0
45 27 5 3 0
39 10 2 3 0
20 84 0 5 0
81 11 1 2 0
33 19 3 1 0
41 39 1 5 0
94 8 5 4 0
90 59 8 6 0
55 86 2 1 0
9 15 3 0 0
38 96 7 2 0
48 67 7 5 0
19 79 4 9 0
67 35 5 2 0
83 60 3 3 0
11 7 1 8 0
79 15 5 4 0
7 11 7 9 0
95 93 1 7 0
47 45 4 4 0
90 30 0 8 0
31 76 3 3 0
39 92 8 5 0
20 63 2 9 0
3 22 5 8 0
46 38 4 0 0
65 45 1 9 0
38 44 5 4 0
99 12 7 0 0
55 40 6 1 0
19 5 1 3 0
14 60 9 7 0
70 95 9 7 0
79 23 0 7 0
33 39 6 7 0
91 40 8 4 0
19 58 8 8 0
47 38 5 8 0
37 20 2 5 0
24 29 8 2 0
3 13 2 9 0
94 40 3 6 0
73 43 6 8 0
15 59 9 7 0
37 73 3 5 0
63 68 8 4 0
27 22 9 4 0
90 49 7 6 0
89 3 7 6 0
34 4 0 1 0
26 70 0 1 0
2 34 9 7 0
35 51 5 4 0
72 9 6 4 0
84 63 6 4 0
37 49 6 0 0
59 8 9 8 0
57 24 8 8 0
10 94 7 8 0
96 1 0 4 0
92 53 0 4 0
25 82 1 0 0
28 52 6 9 0
92 45 0 5 0
89 52 3 6 0
5 71 1 1 0
24 30 3 5 0
92 7 4 8 0
16 15 8 5 0
43 47 6 6 0
5 22 2 3 0
93 49 9 9 0
96 4 7 0 0
18 6 7 1 0
4 83 0 2 0
25 30 2 9 0
88 44 6 4 0
24 45 2 7 0
9 81 0 0 0
47 30 9 6 0
10 97 4 3 0
28 58 6 7 0
88 47 4 5 0
5 36 0 8 0
64 21 0 6 0
94 5 8 6 0
55 95 7 8 0
16 43 5 9 0
28 50 7 4 0
52 29 1 4 0
43 49 6 1 0
81 73 9 3 0
2 9 0 0 0
79 34 4 1 0
25 41 2 7 0
49 76 9 9 0
0 39 1 3 0
19 96 6 1 0
45 68 1 0 0
4 3 4 0 0
76 63 2 7 0
11 78 7 0 0
3 8 1 7 0
40 96 7 3 0
49 2 0 3 0
10 0 9 5 0
50 15 9 4 0
28 81 8 5 0
95 94 7 2 0
98 86 7 4 0
92 78 1 4 0
24 93 1 1 0
40 22 0 8 0
28 34 4 0 0
23 2 7 8 0
75 68 8 2 0
53 46 6 2 0
14 33 0 0 0
93 8 5 5 0
97 35 2 8 0
31 94 8 5 0
9 97 4 7 0
49 14 3 9 0
52 59 6 7 0
83 41 7 9 0
26 57 9 9 0
3 17 7 6 0
77 14 4 2 0
40 94 1 8 0
71 76 6 9 0
62 65 1 1 0
86 80 2 8 0
62 51 8 5 0
0 16 7 1 0
3 28 5 5 0
1 93 2 3 0
87 88 3 5 0
49 58 8 5 0
56 80 7 2 0
44 68 7 2 0
26 20 8 1 0
57 94 8 0 0
35 61 2 1 0
80 35 2 1 0
39 22 3 2 0
89 43 5 2 0
21 76 9 1 0
62 40 5 4 0
57 6 6 8 0
68 95 9 1 0
37 39 8 2 0
76 86 7 3 0
47 1 1 0 0
38 53 9 1 0
51 41 3 3 0
89 57 1 1 0
76 11 4 2 0
24 31 1 3 0
35 4 6 4 0
60 23 5 9 0
37 95 7 0 0
95 17 5 6 0
21 32 0 9 0
66 80 8 9 0
84 3 4 7 0
27 58 0 3 0
83 5 3 0 0
83 3 3 7 0
10 52 5 9 0
81 52 0 2 0
83 61 5 8 0
54 83 3 7 0
34 81 9 5 0
41 63 4 0 0
58 49 9 7 0
75 40 8 7 0
4 11 5 8 0
30 24 4 3 0
49 81 4 4 0
24 83 7 5 0
36 16 0 4 0
19 88 5 5 0
29 24 5 9 0
95 27 2 6 0
41 99 9 6 0
67 35 1 6 0
32 78 8 8 0
2 67 4 7 0
86 18 5 1 0
19 93 7 7 0
14 55 0 9 0
51 52 1 4 0
72 4 8 4 0
18 1 2 4 0
0 6 5 3 0
74 27 6 6 0
70 85 6 9 0
92 8 6 0 0
41 89 6 7 0
26 9 5 1 0
87 71 2 6 0
55 2 4 2 0
71 47 2 3 0
88 82 1 2 0
72 91 8 6 0
5 26 5 7 0
12 68 4 0 0
51 36 4 9 0
91 73 2 2 0
30 71 4 1 0
6 12 0 7 0
36 13 4 5 0
96 23 2 5 0
47 27 7 0 0
89 60 7 9 0
57 25 3 1 0
74 18 4 7 0
62 2 5 4 0
84 1 4 6 0
68 47 5 4 0
83 20 7 8 0
89 19 6 1 0
0 10 4 6 0
4 75 7 3 0
46 67 8 2 0
48 57 9 0 0
44 44 2 0 0
62 94 3 2 0
19 43 2 1 0
60 6 6 9 0
88 78 2 4 0
56 14 8 6 0
39 32 6 0 0
64 44 1 4 0
92 80 3 3 0
99 79 4 9 0
95 53 2 7 0
94 45 7 4 0
43 81 9 8 0
51 29 0 9 0
42 39 2 9 0
99 25 9 0 0
27 26 7 3 0
67 82 3 0 0
81 89 5 7 0
34 77 3 8 0
56 30 3 9 0
54 89 1 0 0
57 21 3 7 0
70 91 2 5 0
6 90 4 8 0
17 40 7 2 0
34 31 3 4 0
73 94 4 8 0
10 98 8 6 0
56 22 3 0 0
24 68 9 2 0
88 81 7 0 0
67 11 7 0 0
92 41 4 9 0
38 26 9 6 0
66 16 9 3 0
19 72 4 5 0
59 4 1 3 0
99 90 9 8 0
9 21 5 2 0
78 12 6 2 0
27 17 4 7 0
13 73 0 4 0
86 61 9 5 0
11 2 0 8 0
9 27 1 5 0
75 62 0 8 0
44 51 1 2 0
14 41 6 6 0
78 72 7 6 0
64 36 6 7 0
35 88 3 3 0
56 0 7 6 0
85 52 7 1 0
27 53 9 3 0
61 83 9 9 0
47 32 5 7 0
60 72 9 5 0
16 66 2 4 0
56 44 2 2 0
24 2 5 6 0
43 27 4 1 0
98 5 8 5 0
72 63 5 9 0
89 99 5 1 0
42 31 8 4 0
67 74 3 2 0
93 42 5 1 0
79 54 1 7 0
94 79 3 5 0
45 18 4 0 0
61 75 0 4 0
41 69 8 7 0
78 51 1 0 0
39 6 3 1 0
67 4 9 7 0
76 52 5 5 0
25 22 9 9 0
90 82 5 6 0
17 68 9 3 0
38 65 6 3 0
65 24 5 0 0
2 34 6 7 0
6 61 7 8 0
16 9 4 0 0
12 91 6 0 0
94 50 8 6 0
23 32 3 0 0
90 70 2 5 0
50 23 2 5 0
16 32 5 0 0
40 5 9 7 0
78 21 5 8 0
77 39 8 4 0
33 73 5 2 0
1 91 3 3 0
65 5 2 1 0
58 39 2 6 0
46 46 0 4 0
41 57 2 8 0
44 31 0 7 0
20 22 0 3 0
39 4 8 9 0
17 43 2 7 0
78 32 2 6 0
35 48 9 0 0
93 83 7 2 0
32 70 5 5 0
6 35 3 0 0
11 68 0 3 0
62 56 1 2 0
89 48 5 0 0
26 81 5 8 0
61 36 5 6 0
26 41 5 8 0
27 9 6 3 0
77 74 3 5 0
61 79 5 6 0
77 51 0 2 0
58 6 9 2 0
17 3 3 5 0
66 76 3 2 0
72 22 9 7 0
78 50 3 1 0
17 12 5 7 0
0 72 3 3 0
58 76 5 3 0
19 77 9 7 0
55 99 4 6 0
21 54 8 9 0
31 89 5 9 0
82 81 8 9 0
26 13 3 8 0
48 84 9 5 0
55 78 2 7 0
43 39 5 2 0
56 12 5 9 0
30 34 4 2 0
54 61 5 5 0
45 24 5 9 0
38 57 7 5 0
34 71 3 9 0
36 76 5 2 0
15 35 5 5 0
7 1 0 5 0
97 41 7 1 0
58 66 5 8 0
40 0 0 7 0
41 4 9 6 0
71 79 2 7 0
36 58 2 8 0
71 72 1 1 0
97 10 1 0 0
73 49 2 7 0
56 11 0 4 0
45 31 6 9 0
72 83 1 5 0
63 7 1 8 0
58 64 4 8 0
12 84 3 5 0
20 57 9 3 0
11 70 9 3 0
61 32 2 8 0
88 65 4 9 0
23 53 4 7 0
85 90 8 1 0
22 59 2 5 0
69 67 5 4 0
39 17 9 5 0
80 99 6 3 0
87 28 0 9 0
27 11 2 9 0
92 52 3 9 0
26 21 0 2 0
20 99 0 5 0
46 57 9 1 0
1 35 7 8 0
89 50 9 2 0
51 2 9 9 0
20 18 6 9 0
92 14 8 4 0
99 12 9 8 0
2 15 7 4 0
84 96 1 1 0
38 4 5 5 0
71 21 6 3 0
4 47 2 6 0
95 62 6 7 0
18 24 1 6 0
47 52 4 4 0
20 21 3 0 0
9 25 4 3 0
80 80 7 4 0
28 2 0 8 0
15 51 8 3 0
39 51 7 3 0
34 83 2 6 0
57 59 1 1 0
79 88 3 2 0
17 21 7 8 0
